Buffer:		    ON
Nodes:              14                            
Links:              42                            
Goal Connections:   10000000                      
Lambda:             180                           
Mu:                 1                             
Algorithm:          FirstFit                      

+----------+----------+----------+----------+----------+----------+----------+
| progress | arrives  | blocking | time(s)  | Wald CI  | A-C. CI  | Wilson CI|
+----------+----------+----------+----------+----------+----------+----------+
|    5.0%  | 500000   |  3.1e-04 |     403  |  4.9e-05 |  4.9e-05 |  4.9e-05 |
|   10.0%  |1000000   |  3.5e-04 |     868  |  3.7e-05 |  3.7e-05 |  3.7e-05 |
|   15.0%  |1500000   |  3.3e-04 |    1360  |  2.9e-05 |  2.9e-05 |  2.9e-05 |
|   20.0%  |2000000   |  3.4e-04 |    1791  |  2.5e-05 |  2.5e-05 |  2.5e-05 |
|   25.0%  |2500000   |  3.2e-04 |    2265  |  2.2e-05 |  2.2e-05 |  2.2e-05 |
|   30.0%  |3000000   |  3.4e-04 |    2715  |  2.1e-05 |  2.1e-05 |  2.1e-05 |
|   35.0%  |3500000   |  3.4e-04 |    3185  |  1.9e-05 |  1.9e-05 |  1.9e-05 |
|   40.0%  |4000000   |  3.4e-04 |    3627  |  1.8e-05 |  1.8e-05 |  1.8e-05 |
|   45.0%  |4500000   |  3.2e-04 |    4052  |  1.7e-05 |  1.7e-05 |  1.7e-05 |
|   50.0%  |5000000   |  3.3e-04 |    4436  |  1.6e-05 |  1.6e-05 |  1.6e-05 |
|   55.0%  |5500000   |  3.2e-04 |    4817  |  1.5e-05 |  1.5e-05 |  1.5e-05 |
|   60.0%  |6000000   |  3.1e-04 |    5199  |  1.4e-05 |  1.4e-05 |  1.4e-05 |
|   65.0%  |6500000   |  3.2e-04 |    5582  |  1.4e-05 |  1.4e-05 |  1.4e-05 |
|   70.0%  |7000000   |  3.2e-04 |    5967  |  1.3e-05 |  1.3e-05 |  1.3e-05 |
|   75.0%  |7500000   |  3.2e-04 |    6350  |  1.3e-05 |  1.3e-05 |  1.3e-05 |
|   80.0%  |8000000   |  3.1e-04 |    6734  |  1.2e-05 |  1.2e-05 |  1.2e-05 |
|   85.0%  |8500000   |  3.1e-04 |    7118  |  1.2e-05 |  1.2e-05 |  1.2e-05 |
|   90.0%  |9000000   |  3.1e-04 |    7504  |  1.1e-05 |  1.1e-05 |  1.1e-05 |
|   95.0%  |9500000   |  3.1e-04 |    7887  |  1.1e-05 |  1.1e-05 |  1.1e-05 |
|  100.0%  |10000000   |  3.0e-04 |    8272  |  1.1e-05 |  1.1e-05 |  1.1e-05 |

No elements in buffer! :P
Buffer:		    ON
Nodes:              14                            
Links:              42                            
Goal Connections:   10000000                      
Lambda:             2.2e+02                       
Mu:                 1.0e+00                       
Algorithm:          FirstFit                      

+----------+----------+----------+----------+----------+----------+----------+
| progress | arrives  | blocking | time(s)  | Wald CI  | A-C. CI  | Wilson CI|
+----------+----------+----------+----------+----------+----------+----------+
|    5.0%  | 500000   |  5.6e-03 |     584  |  2.1e-04 |  2.1e-04 |  2.1e-04 |
|   10.0%  |1000000   |  5.7e-03 |    1180  |  1.5e-04 |  1.5e-04 |  1.5e-04 |
|   15.0%  |1500000   |  5.8e-03 |    1779  |  1.2e-04 |  1.2e-04 |  1.2e-04 |
|   20.0%  |2000000   |  5.9e-03 |    2385  |  1.1e-04 |  1.1e-04 |  1.1e-04 |
|   25.0%  |2500000   |  5.9e-03 |    2973  |  9.5e-05 |  9.5e-05 |  9.5e-05 |
|   30.0%  |3000000   |  5.8e-03 |    3550  |  8.6e-05 |  8.6e-05 |  8.6e-05 |
|   35.0%  |3500000   |  5.7e-03 |    4119  |  7.9e-05 |  7.9e-05 |  7.9e-05 |
|   40.0%  |4000000   |  5.6e-03 |    4689  |  7.3e-05 |  7.3e-05 |  7.3e-05 |
|   45.0%  |4500000   |  5.6e-03 |    5259  |  6.9e-05 |  6.9e-05 |  6.9e-05 |
|   50.0%  |5000000   |  5.7e-03 |    5861  |  6.6e-05 |  6.6e-05 |  6.6e-05 |
|   55.0%  |5500000   |  5.7e-03 |    6465  |  6.3e-05 |  6.3e-05 |  6.3e-05 |
|   60.0%  |6000000   |  5.6e-03 |    7021  |  6.0e-05 |  6.0e-05 |  6.0e-05 |
|   65.0%  |6500000   |  5.6e-03 |    7599  |  5.7e-05 |  5.7e-05 |  5.7e-05 |
|   70.0%  |7000000   |  5.6e-03 |    8177  |  5.5e-05 |  5.5e-05 |  5.5e-05 |
|   75.0%  |7500000   |  5.6e-03 |    8769  |  5.4e-05 |  5.4e-05 |  5.4e-05 |
|   80.0%  |8000000   |  5.6e-03 |    9335  |  5.2e-05 |  5.2e-05 |  5.2e-05 |
|   85.0%  |8500000   |  5.6e-03 |    9919  |  5.0e-05 |  5.0e-05 |  5.0e-05 |
|   90.0%  |9000000   |  5.6e-03 |   10494  |  4.9e-05 |  4.9e-05 |  4.9e-05 |
|   95.0%  |9500000   |  5.6e-03 |   11076  |  4.7e-05 |  4.7e-05 |  4.7e-05 |
|  100.0%  |10000000   |  5.6e-03 |   11637  |  4.6e-05 |  4.6e-05 |  4.6e-05 |

No elements in buffer! :P
Buffer:		    ON
Nodes:              14                            
Links:              42                            
Goal Connections:   10000000                      
Lambda:             2.5e+02                       
Mu:                 1.0e+00                       
Algorithm:          FirstFit                      

+----------+----------+----------+----------+----------+----------+----------+
| progress | arrives  | blocking | time(s)  | Wald CI  | A-C. CI  | Wilson CI|
+----------+----------+----------+----------+----------+----------+----------+
|    5.0%  | 500000   |  3.2e-02 |    1633  |  4.9e-04 |  4.9e-04 |  4.9e-04 |
|   10.0%  |1000000   |  3.2e-02 |    3242  |  3.5e-04 |  3.5e-04 |  3.5e-04 |
|   15.0%  |1500000   |  3.3e-02 |    4914  |  2.8e-04 |  2.8e-04 |  2.8e-04 |
|   20.0%  |2000000   |  3.3e-02 |    6599  |  2.5e-04 |  2.5e-04 |  2.5e-04 |
|   25.0%  |2500000   |  3.3e-02 |    8279  |  2.2e-04 |  2.2e-04 |  2.2e-04 |
|   30.0%  |3000000   |  3.3e-02 |   10034  |  2.0e-04 |  2.0e-04 |  2.0e-04 |
|   35.0%  |3500000   |  3.4e-02 |   11756  |  1.9e-04 |  1.9e-04 |  1.9e-04 |
|   40.0%  |4000000   |  3.3e-02 |   13422  |  1.8e-04 |  1.8e-04 |  1.8e-04 |
|   45.0%  |4500000   |  3.4e-02 |   15121  |  1.7e-04 |  1.7e-04 |  1.7e-04 |
|   50.0%  |5000000   |  3.4e-02 |   16906  |  1.6e-04 |  1.6e-04 |  1.6e-04 |
|   55.0%  |5500000   |  3.4e-02 |   18617  |  1.5e-04 |  1.5e-04 |  1.5e-04 |
|   60.0%  |6000000   |  3.4e-02 |   20265  |  1.4e-04 |  1.4e-04 |  1.4e-04 |
|   65.0%  |6500000   |  3.4e-02 |   21875  |  1.4e-04 |  1.4e-04 |  1.4e-04 |
|   70.0%  |7000000   |  3.4e-02 |   23555  |  1.3e-04 |  1.3e-04 |  1.3e-04 |
|   75.0%  |7500000   |  3.4e-02 |   25269  |  1.3e-04 |  1.3e-04 |  1.3e-04 |
|   80.0%  |8000000   |  3.4e-02 |   26890  |  1.2e-04 |  1.2e-04 |  1.2e-04 |
|   85.0%  |8500000   |  3.4e-02 |   28619  |  1.2e-04 |  1.2e-04 |  1.2e-04 |
|   90.0%  |9000000   |  3.4e-02 |   30315  |  1.2e-04 |  1.2e-04 |  1.2e-04 |
|   95.0%  |9500000   |  3.4e-02 |   31977  |  1.1e-04 |  1.1e-04 |  1.1e-04 |
|  100.0%  |10000000   |  3.4e-02 |   33616  |  1.1e-04 |  1.1e-04 |  1.1e-04 |

No elements in buffer! :P
Buffer:		    ON
Nodes:              14                            
Links:              42                            
Goal Connections:   10000000                      
Lambda:             2.9e+02                       
Mu:                 1.0e+00                       
Algorithm:          FirstFit                      

+----------+----------+----------+----------+----------+----------+----------+
| progress | arrives  | blocking | time(s)  | Wald CI  | A-C. CI  | Wilson CI|
+----------+----------+----------+----------+----------+----------+----------+
|    5.0%  | 500000   |  7.4e-02 |    3349  |  7.2e-04 |  7.2e-04 |  7.2e-04 |
|   10.0%  |1000000   |  7.4e-02 |    6712  |  5.1e-04 |  5.1e-04 |  5.1e-04 |
|   15.0%  |1500000   |  7.4e-02 |   10073  |  4.2e-04 |  4.2e-04 |  4.2e-04 |
|   20.0%  |2000000   |  7.4e-02 |   13429  |  3.6e-04 |  3.6e-04 |  3.6e-04 |
|   25.0%  |2500000   |  7.4e-02 |   16498  |  3.3e-04 |  3.3e-04 |  3.3e-04 |
|   30.0%  |3000000   |  7.4e-02 |   19182  |  3.0e-04 |  3.0e-04 |  3.0e-04 |
|   35.0%  |3500000   |  7.4e-02 |   21872  |  2.8e-04 |  2.8e-04 |  2.8e-04 |
|   40.0%  |4000000   |  7.5e-02 |   24562  |  2.6e-04 |  2.6e-04 |  2.6e-04 |
|   45.0%  |4500000   |  7.5e-02 |   27251  |  2.4e-04 |  2.4e-04 |  2.4e-04 |
|   50.0%  |5000000   |  7.5e-02 |   29945  |  2.3e-04 |  2.3e-04 |  2.3e-04 |
|   55.0%  |5500000   |  7.5e-02 |   32639  |  2.2e-04 |  2.2e-04 |  2.2e-04 |
|   60.0%  |6000000   |  7.5e-02 |   35335  |  2.1e-04 |  2.1e-04 |  2.1e-04 |
|   65.0%  |6500000   |  7.5e-02 |   38021  |  2.0e-04 |  2.0e-04 |  2.0e-04 |
|   70.0%  |7000000   |  7.5e-02 |   40702  |  1.9e-04 |  1.9e-04 |  1.9e-04 |
|   75.0%  |7500000   |  7.5e-02 |   43387  |  1.9e-04 |  1.9e-04 |  1.9e-04 |
|   80.0%  |8000000   |  7.5e-02 |   46082  |  1.8e-04 |  1.8e-04 |  1.8e-04 |
|   85.0%  |8500000   |  7.5e-02 |   48785  |  1.8e-04 |  1.8e-04 |  1.8e-04 |
|   90.0%  |9000000   |  7.5e-02 |   51479  |  1.7e-04 |  1.7e-04 |  1.7e-04 |
|   95.0%  |9500000   |  7.5e-02 |   54176  |  1.7e-04 |  1.7e-04 |  1.7e-04 |
|  100.0%  |10000000   |  7.5e-02 |   56867  |  1.6e-04 |  1.6e-04 |  1.6e-04 |
Buffer:		    ON
Nodes:              14                            
Links:              42                            
Goal Connections:   10000000                      
Lambda:             3.2e+02                       
Mu:                 1.0e+00                       
Algorithm:          FirstFit                      

+----------+----------+----------+----------+----------+----------+----------+
| progress | arrives  | blocking | time(s)  | Wald CI  | A-C. CI  | Wilson CI|
+----------+----------+----------+----------+----------+----------+----------+
|    5.0%  | 500000   |  7.8e-02 |    2680  |  7.4e-04 |  7.4e-04 |  7.4e-04 |
|   10.0%  |1000000   |  7.8e-02 |    5363  |  5.3e-04 |  5.3e-04 |  5.3e-04 |
|   15.0%  |1500000   |  7.8e-02 |    8045  |  4.3e-04 |  4.3e-04 |  4.3e-04 |
|   20.0%  |2000000   |  7.8e-02 |   10726  |  3.7e-04 |  3.7e-04 |  3.7e-04 |
|   25.0%  |2500000   |  7.8e-02 |   13402  |  3.3e-04 |  3.3e-04 |  3.3e-04 |
|   30.0%  |3000000   |  7.8e-02 |   16070  |  3.0e-04 |  3.0e-04 |  3.0e-04 |
|   35.0%  |3500000   |  7.8e-02 |   18754  |  2.8e-04 |  2.8e-04 |  2.8e-04 |
|   40.0%  |4000000   |  7.8e-02 |   21431  |  2.6e-04 |  2.6e-04 |  2.6e-04 |
|   45.0%  |4500000   |  7.8e-02 |   24100  |  2.5e-04 |  2.5e-04 |  2.5e-04 |
|   50.0%  |5000000   |  7.8e-02 |   26777  |  2.4e-04 |  2.4e-04 |  2.4e-04 |
|   55.0%  |5500000   |  7.8e-02 |   29457  |  2.2e-04 |  2.2e-04 |  2.2e-04 |
|   60.0%  |6000000   |  7.8e-02 |   32139  |  2.1e-04 |  2.1e-04 |  2.1e-04 |
|   65.0%  |6500000   |  7.8e-02 |   34815  |  2.1e-04 |  2.1e-04 |  2.1e-04 |
|   70.0%  |7000000   |  7.8e-02 |   37500  |  2.0e-04 |  2.0e-04 |  2.0e-04 |
|   75.0%  |7500000   |  7.8e-02 |   40172  |  1.9e-04 |  1.9e-04 |  1.9e-04 |
|   80.0%  |8000000   |  7.8e-02 |   42850  |  1.9e-04 |  1.9e-04 |  1.9e-04 |
|   85.0%  |8500000   |  7.8e-02 |   45522  |  1.8e-04 |  1.8e-04 |  1.8e-04 |
|   90.0%  |9000000   |  7.8e-02 |   48200  |  1.8e-04 |  1.8e-04 |  1.8e-04 |
|   95.0%  |9500000   |  7.8e-02 |   50875  |  1.7e-04 |  1.7e-04 |  1.7e-04 |
|  100.0%  |10000000   |  7.8e-02 |   53559  |  1.7e-04 |  1.7e-04 |  1.7e-04 |
Buffer:		    ON
Nodes:              14                            
Links:              42                            
Goal Connections:   10000000                      
Lambda:             3.6e+02                       
Mu:                 1.0e+00                       
Algorithm:          FirstFit                      

+----------+----------+----------+----------+----------+----------+----------+
| progress | arrives  | blocking | time(s)  | Wald CI  | A-C. CI  | Wilson CI|
+----------+----------+----------+----------+----------+----------+----------+
|    5.0%  | 500000   |  8.1e-02 |    2658  |  7.6e-04 |  7.6e-04 |  7.6e-04 |
|   10.0%  |1000000   |  8.1e-02 |    5327  |  5.4e-04 |  5.4e-04 |  5.4e-04 |
|   15.0%  |1500000   |  8.2e-02 |    7987  |  4.4e-04 |  4.4e-04 |  4.4e-04 |
|   20.0%  |2000000   |  8.2e-02 |   10663  |  3.8e-04 |  3.8e-04 |  3.8e-04 |
|   25.0%  |2500000   |  8.2e-02 |   13328  |  3.4e-04 |  3.4e-04 |  3.4e-04 |
|   30.0%  |3000000   |  8.2e-02 |   15991  |  3.1e-04 |  3.1e-04 |  3.1e-04 |
|   35.0%  |3500000   |  8.1e-02 |   18653  |  2.9e-04 |  2.9e-04 |  2.9e-04 |
|   40.0%  |4000000   |  8.2e-02 |   21322  |  2.7e-04 |  2.7e-04 |  2.7e-04 |
|   45.0%  |4500000   |  8.2e-02 |   23991  |  2.5e-04 |  2.5e-04 |  2.5e-04 |
|   50.0%  |5000000   |  8.2e-02 |   26658  |  2.4e-04 |  2.4e-04 |  2.4e-04 |
|   55.0%  |5500000   |  8.2e-02 |   29375  |  2.3e-04 |  2.3e-04 |  2.3e-04 |
|   60.0%  |6000000   |  8.2e-02 |   32071  |  2.2e-04 |  2.2e-04 |  2.2e-04 |
|   65.0%  |6500000   |  8.2e-02 |   34737  |  2.1e-04 |  2.1e-04 |  2.1e-04 |
|   70.0%  |7000000   |  8.2e-02 |   37404  |  2.0e-04 |  2.0e-04 |  2.0e-04 |
|   75.0%  |7500000   |  8.2e-02 |   40071  |  2.0e-04 |  2.0e-04 |  2.0e-04 |
|   80.0%  |8000000   |  8.2e-02 |   42737  |  1.9e-04 |  1.9e-04 |  1.9e-04 |
|   85.0%  |8500000   |  8.2e-02 |   45404  |  1.8e-04 |  1.8e-04 |  1.8e-04 |
|   90.0%  |9000000   |  8.2e-02 |   48080  |  1.8e-04 |  1.8e-04 |  1.8e-04 |
|   95.0%  |9500000   |  8.2e-02 |   50803  |  1.7e-04 |  1.7e-04 |  1.7e-04 |
|  100.0%  |10000000   |  8.2e-02 |   53495  |  1.7e-04 |  1.7e-04 |  1.7e-04 |
Buffer:		    ON
Nodes:              14                            
Links:              42                            
Goal Connections:   10000000                      
Lambda:             4.0e+02                       
Mu:                 1.0e+00                       
Algorithm:          FirstFit                      

+----------+----------+----------+----------+----------+----------+----------+
| progress | arrives  | blocking | time(s)  | Wald CI  | A-C. CI  | Wilson CI|
+----------+----------+----------+----------+----------+----------+----------+
|    5.0%  | 500000   |  8.6e-02 |    2661  |  7.8e-04 |  7.8e-04 |  7.8e-04 |
|   10.0%  |1000000   |  8.6e-02 |    5321  |  5.5e-04 |  5.5e-04 |  5.5e-04 |
|   15.0%  |1500000   |  8.6e-02 |    7985  |  4.5e-04 |  4.5e-04 |  4.5e-04 |
|   20.0%  |2000000   |  8.6e-02 |   10645  |  3.9e-04 |  3.9e-04 |  3.9e-04 |
|   25.0%  |2500000   |  8.6e-02 |   13303  |  3.5e-04 |  3.5e-04 |  3.5e-04 |
|   30.0%  |3000000   |  8.6e-02 |   15956  |  3.2e-04 |  3.2e-04 |  3.2e-04 |
|   35.0%  |3500000   |  8.5e-02 |   18610  |  2.9e-04 |  2.9e-04 |  2.9e-04 |
|   40.0%  |4000000   |  8.5e-02 |   21267  |  2.7e-04 |  2.7e-04 |  2.7e-04 |
|   45.0%  |4500000   |  8.5e-02 |   23925  |  2.6e-04 |  2.6e-04 |  2.6e-04 |
|   50.0%  |5000000   |  8.5e-02 |   26586  |  2.5e-04 |  2.5e-04 |  2.5e-04 |
|   55.0%  |5500000   |  8.5e-02 |   29242  |  2.3e-04 |  2.3e-04 |  2.3e-04 |
|   60.0%  |6000000   |  8.5e-02 |   31897  |  2.2e-04 |  2.2e-04 |  2.2e-04 |
|   65.0%  |6500000   |  8.5e-02 |   34554  |  2.1e-04 |  2.1e-04 |  2.1e-04 |
|   70.0%  |7000000   |  8.5e-02 |   37204  |  2.1e-04 |  2.1e-04 |  2.1e-04 |
|   75.0%  |7500000   |  8.5e-02 |   39859  |  2.0e-04 |  2.0e-04 |  2.0e-04 |
|   80.0%  |8000000   |  8.5e-02 |   42523  |  1.9e-04 |  1.9e-04 |  1.9e-04 |
|   85.0%  |8500000   |  8.5e-02 |   45192  |  1.9e-04 |  1.9e-04 |  1.9e-04 |
|   90.0%  |9000000   |  8.5e-02 |   47850  |  1.8e-04 |  1.8e-04 |  1.8e-04 |
|   95.0%  |9500000   |  8.5e-02 |   50516  |  1.8e-04 |  1.8e-04 |  1.8e-04 |
|  100.0%  |10000000   |  8.5e-02 |   53176  |  1.7e-04 |  1.7e-04 |  1.7e-04 |
Buffer:		    ON
Nodes:              14                            
Links:              42                            
Goal Connections:   10000000                      
Lambda:             4.3e+02                       
Mu:                 1.0e+00                       
Algorithm:          FirstFit                      

+----------+----------+----------+----------+----------+----------+----------+
| progress | arrives  | blocking | time(s)  | Wald CI  | A-C. CI  | Wilson CI|
+----------+----------+----------+----------+----------+----------+----------+
|    5.0%  | 500000   |  8.8e-02 |    2643  |  7.9e-04 |  7.9e-04 |  7.9e-04 |
|   10.0%  |1000000   |  8.9e-02 |    5290  |  5.6e-04 |  5.6e-04 |  5.6e-04 |
|   15.0%  |1500000   |  8.9e-02 |    7937  |  4.6e-04 |  4.6e-04 |  4.6e-04 |
|   20.0%  |2000000   |  8.9e-02 |   10750  |  3.9e-04 |  3.9e-04 |  3.9e-04 |
|   25.0%  |2500000   |  8.9e-02 |   13799  |  3.5e-04 |  3.5e-04 |  3.5e-04 |
|   30.0%  |3000000   |  8.9e-02 |   16451  |  3.2e-04 |  3.2e-04 |  3.2e-04 |
|   35.0%  |3500000   |  8.9e-02 |   19120  |  3.0e-04 |  3.0e-04 |  3.0e-04 |
|   40.0%  |4000000   |  8.9e-02 |   22129  |  2.8e-04 |  2.8e-04 |  2.8e-04 |
|   45.0%  |4500000   |  8.9e-02 |   25812  |  2.6e-04 |  2.6e-04 |  2.6e-04 |
|   50.0%  |5000000   |  8.9e-02 |   30462  |  2.5e-04 |  2.5e-04 |  2.5e-04 |
|   55.0%  |5500000   |  8.9e-02 |   35108  |  2.4e-04 |  2.4e-04 |  2.4e-04 |
|   60.0%  |6000000   |  8.9e-02 |   39773  |  2.3e-04 |  2.3e-04 |  2.3e-04 |
|   65.0%  |6500000   |  8.9e-02 |   44442  |  2.2e-04 |  2.2e-04 |  2.2e-04 |
|   70.0%  |7000000   |  8.9e-02 |   49144  |  2.1e-04 |  2.1e-04 |  2.1e-04 |
|   75.0%  |7500000   |  8.9e-02 |   53819  |  2.0e-04 |  2.0e-04 |  2.0e-04 |
|   80.0%  |8000000   |  8.9e-02 |   58490  |  2.0e-04 |  2.0e-04 |  2.0e-04 |
|   85.0%  |8500000   |  8.9e-02 |   63157  |  1.9e-04 |  1.9e-04 |  1.9e-04 |
|   90.0%  |9000000   |  8.9e-02 |   67775  |  1.9e-04 |  1.9e-04 |  1.9e-04 |
|   95.0%  |9500000   |  8.9e-02 |   72409  |  1.8e-04 |  1.8e-04 |  1.8e-04 |
|  100.0%  |10000000   |  8.9e-02 |   77007  |  1.8e-04 |  1.8e-04 |  1.8e-04 |
Buffer:		    ON
Nodes:              14                            
Links:              42                            
Goal Connections:   10000000                      
Lambda:             4.7e+02                       
Mu:                 1.0e+00                       
Algorithm:          FirstFit                      

+----------+----------+----------+----------+----------+----------+----------+
| progress | arrives  | blocking | time(s)  | Wald CI  | A-C. CI  | Wilson CI|
+----------+----------+----------+----------+----------+----------+----------+
|    5.0%  | 500000   |  9.3e-02 |    4370  |  8.0e-04 |  8.0e-04 |  8.0e-04 |
|   10.0%  |1000000   |  9.3e-02 |    7331  |  5.7e-04 |  5.7e-04 |  5.7e-04 |
|   15.0%  |1500000   |  9.3e-02 |    9982  |  4.7e-04 |  4.7e-04 |  4.7e-04 |
|   20.0%  |2000000   |  9.3e-02 |   12631  |  4.0e-04 |  4.0e-04 |  4.0e-04 |
|   25.0%  |2500000   |  9.3e-02 |   15283  |  3.6e-04 |  3.6e-04 |  3.6e-04 |
|   30.0%  |3000000   |  9.3e-02 |   17934  |  3.3e-04 |  3.3e-04 |  3.3e-04 |
|   35.0%  |3500000   |  9.3e-02 |   20590  |  3.0e-04 |  3.0e-04 |  3.0e-04 |
|   40.0%  |4000000   |  9.3e-02 |   23247  |  2.8e-04 |  2.8e-04 |  2.8e-04 |
|   45.0%  |4500000   |  9.3e-02 |   25901  |  2.7e-04 |  2.7e-04 |  2.7e-04 |
|   50.0%  |5000000   |  9.3e-02 |   28567  |  2.5e-04 |  2.5e-04 |  2.5e-04 |
|   55.0%  |5500000   |  9.3e-02 |   31218  |  2.4e-04 |  2.4e-04 |  2.4e-04 |
|   60.0%  |6000000   |  9.3e-02 |   33873  |  2.3e-04 |  2.3e-04 |  2.3e-04 |
|   65.0%  |6500000   |  9.3e-02 |   37114  |  2.2e-04 |  2.2e-04 |  2.2e-04 |
|   70.0%  |7000000   |  9.3e-02 |   40622  |  2.2e-04 |  2.2e-04 |  2.2e-04 |
|   75.0%  |7500000   |  9.3e-02 |   44680  |  2.1e-04 |  2.1e-04 |  2.1e-04 |
|   80.0%  |8000000   |  9.3e-02 |   48679  |  2.0e-04 |  2.0e-04 |  2.0e-04 |
|   85.0%  |8500000   |  9.3e-02 |   52633  |  2.0e-04 |  2.0e-04 |  2.0e-04 |
|   90.0%  |9000000   |  9.3e-02 |   56573  |  1.9e-04 |  1.9e-04 |  1.9e-04 |
|   95.0%  |9500000   |  9.3e-02 |   60514  |  1.8e-04 |  1.8e-04 |  1.8e-04 |
|  100.0%  |10000000   |  9.3e-02 |   64450  |  1.8e-04 |  1.8e-04 |  1.8e-04 |
Buffer:		    ON
Nodes:              14                            
Links:              42                            
Goal Connections:   10000000                      
Lambda:             5.0e+02                       
Mu:                 1.0e+00                       
Algorithm:          FirstFit                      

+----------+----------+----------+----------+----------+----------+----------+
| progress | arrives  | blocking | time(s)  | Wald CI  | A-C. CI  | Wilson CI|
+----------+----------+----------+----------+----------+----------+----------+
|    5.0%  | 500000   |  9.6e-02 |    3973  |  8.2e-04 |  8.2e-04 |  8.2e-04 |
|   10.0%  |1000000   |  9.6e-02 |    7951  |  5.8e-04 |  5.8e-04 |  5.8e-04 |
|   15.0%  |1500000   |  9.7e-02 |   11894  |  4.7e-04 |  4.7e-04 |  4.7e-04 |
|   20.0%  |2000000   |  9.7e-02 |   15892  |  4.1e-04 |  4.1e-04 |  4.1e-04 |
|   25.0%  |2500000   |  9.7e-02 |   20163  |  3.7e-04 |  3.7e-04 |  3.7e-04 |
|   30.0%  |3000000   |  9.7e-02 |   23946  |  3.3e-04 |  3.3e-04 |  3.3e-04 |
|   35.0%  |3500000   |  9.6e-02 |   28717  |  3.1e-04 |  3.1e-04 |  3.1e-04 |
|   40.0%  |4000000   |  9.7e-02 |   34823  |  2.9e-04 |  2.9e-04 |  2.9e-04 |
|   45.0%  |4500000   |  9.7e-02 |   40571  |  2.7e-04 |  2.7e-04 |  2.7e-04 |
|   50.0%  |5000000   |  9.7e-02 |   45419  |  2.6e-04 |  2.6e-04 |  2.6e-04 |
|   55.0%  |5500000   |  9.7e-02 |   50104  |  2.5e-04 |  2.5e-04 |  2.5e-04 |
|   60.0%  |6000000   |  9.7e-02 |   54817  |  2.4e-04 |  2.4e-04 |  2.4e-04 |
|   65.0%  |6500000   |  9.7e-02 |   59477  |  2.3e-04 |  2.3e-04 |  2.3e-04 |
|   70.0%  |7000000   |  9.7e-02 |   64149  |  2.2e-04 |  2.2e-04 |  2.2e-04 |
|   75.0%  |7500000   |  9.7e-02 |   68789  |  2.1e-04 |  2.1e-04 |  2.1e-04 |
|   80.0%  |8000000   |  9.7e-02 |   73431  |  2.0e-04 |  2.0e-04 |  2.0e-04 |
|   85.0%  |8500000   |  9.7e-02 |   78060  |  2.0e-04 |  2.0e-04 |  2.0e-04 |
|   90.0%  |9000000   |  9.7e-02 |   82701  |  1.9e-04 |  1.9e-04 |  1.9e-04 |
|   95.0%  |9500000   |  9.7e-02 |   87290  |  1.9e-04 |  1.9e-04 |  1.9e-04 |
|  100.0%  |10000000   |  9.7e-02 |   91082  |  1.8e-04 |  1.8e-04 |  1.8e-04 |
Buffer:		    ON
Nodes:              14                            
Links:              42                            
Goal Connections:   10000000                      
Lambda:             5.4e+02                       
Mu:                 1.0e+00                       
Algorithm:          FirstFit                      

+----------+----------+----------+----------+----------+----------+----------+
| progress | arrives  | blocking | time(s)  | Wald CI  | A-C. CI  | Wilson CI|
+----------+----------+----------+----------+----------+----------+----------+
|    5.0%  | 500000   |  1.0e-01 |    2831  |  8.3e-04 |  8.3e-04 |  8.3e-04 |
|   10.0%  |1000000   |  1.0e-01 |    5473  |  5.9e-04 |  5.9e-04 |  5.9e-04 |
|   15.0%  |1500000   |  1.0e-01 |    8123  |  4.8e-04 |  4.8e-04 |  4.8e-04 |
|   20.0%  |2000000   |  1.0e-01 |   10756  |  4.2e-04 |  4.2e-04 |  4.2e-04 |
|   25.0%  |2500000   |  1.0e-01 |   13389  |  3.7e-04 |  3.7e-04 |  3.7e-04 |
|   30.0%  |3000000   |  1.0e-01 |   16055  |  3.4e-04 |  3.4e-04 |  3.4e-04 |
|   35.0%  |3500000   |  1.0e-01 |   19371  |  3.1e-04 |  3.1e-04 |  3.1e-04 |
|   40.0%  |4000000   |  1.0e-01 |   22605  |  2.9e-04 |  2.9e-04 |  2.9e-04 |
|   45.0%  |4500000   |  1.0e-01 |   25848  |  2.8e-04 |  2.8e-04 |  2.8e-04 |
|   50.0%  |5000000   |  1.0e-01 |   29103  |  2.6e-04 |  2.6e-04 |  2.6e-04 |
|   55.0%  |5500000   |  1.0e-01 |   32351  |  2.5e-04 |  2.5e-04 |  2.5e-04 |
|   60.0%  |6000000   |  1.0e-01 |   35624  |  2.4e-04 |  2.4e-04 |  2.4e-04 |
|   65.0%  |6500000   |  1.0e-01 |   38899  |  2.3e-04 |  2.3e-04 |  2.3e-04 |
|   70.0%  |7000000   |  1.0e-01 |   42153  |  2.2e-04 |  2.2e-04 |  2.2e-04 |
|   75.0%  |7500000   |  1.0e-01 |   45415  |  2.1e-04 |  2.1e-04 |  2.1e-04 |
|   80.0%  |8000000   |  1.0e-01 |   48679  |  2.1e-04 |  2.1e-04 |  2.1e-04 |
|   85.0%  |8500000   |  1.0e-01 |   51943  |  2.0e-04 |  2.0e-04 |  2.0e-04 |
|   90.0%  |9000000   |  1.0e-01 |   55208  |  2.0e-04 |  2.0e-04 |  2.0e-04 |
|   95.0%  |9500000   |  1.0e-01 |   58483  |  1.9e-04 |  1.9e-04 |  1.9e-04 |
|  100.0%  |10000000   |  1.0e-01 |   61753  |  1.9e-04 |  1.9e-04 |  1.9e-04 |
Buffer:		    ON
Nodes:              14                            
Links:              42                            
Goal Connections:   10000000                      
Lambda:             5.8e+02                       
Mu:                 1.0e+00                       
Algorithm:          FirstFit                      

+----------+----------+----------+----------+----------+----------+----------+
| progress | arrives  | blocking | time(s)  | Wald CI  | A-C. CI  | Wilson CI|
+----------+----------+----------+----------+----------+----------+----------+
|    5.0%  | 500000   |  1.0e-01 |    3249  |  8.4e-04 |  8.4e-04 |  8.4e-04 |
|   10.0%  |1000000   |  1.0e-01 |    6520  |  6.0e-04 |  6.0e-04 |  6.0e-04 |
|   15.0%  |1500000   |  1.0e-01 |    9785  |  4.9e-04 |  4.9e-04 |  4.9e-04 |
|   20.0%  |2000000   |  1.0e-01 |   12516  |  4.2e-04 |  4.2e-04 |  4.2e-04 |
|   25.0%  |2500000   |  1.0e-01 |   15150  |  3.8e-04 |  3.8e-04 |  3.8e-04 |
|   30.0%  |3000000   |  1.0e-01 |   17792  |  3.5e-04 |  3.5e-04 |  3.5e-04 |
|   35.0%  |3500000   |  1.0e-01 |   20433  |  3.2e-04 |  3.2e-04 |  3.2e-04 |
|   40.0%  |4000000   |  1.0e-01 |   23070  |  3.0e-04 |  3.0e-04 |  3.0e-04 |
|   45.0%  |4500000   |  1.0e-01 |   25711  |  2.8e-04 |  2.8e-04 |  2.8e-04 |
|   50.0%  |5000000   |  1.0e-01 |   28356  |  2.7e-04 |  2.7e-04 |  2.7e-04 |
|   55.0%  |5500000   |  1.0e-01 |   30988  |  2.6e-04 |  2.6e-04 |  2.6e-04 |
|   60.0%  |6000000   |  1.0e-01 |   33644  |  2.4e-04 |  2.4e-04 |  2.4e-04 |
|   65.0%  |6500000   |  1.0e-01 |   36287  |  2.3e-04 |  2.3e-04 |  2.3e-04 |
|   70.0%  |7000000   |  1.0e-01 |   38939  |  2.3e-04 |  2.3e-04 |  2.3e-04 |
|   75.0%  |7500000   |  1.0e-01 |   41582  |  2.2e-04 |  2.2e-04 |  2.2e-04 |
|   80.0%  |8000000   |  1.0e-01 |   44222  |  2.1e-04 |  2.1e-04 |  2.1e-04 |
|   85.0%  |8500000   |  1.0e-01 |   46873  |  2.1e-04 |  2.1e-04 |  2.1e-04 |
|   90.0%  |9000000   |  1.0e-01 |   49513  |  2.0e-04 |  2.0e-04 |  2.0e-04 |
|   95.0%  |9500000   |  1.0e-01 |   52135  |  1.9e-04 |  1.9e-04 |  1.9e-04 |
|  100.0%  |10000000   |  1.0e-01 |   54770  |  1.9e-04 |  1.9e-04 |  1.9e-04 |
Buffer:		    ON
Nodes:              14                            
Links:              42                            
Goal Connections:   10000000                      
Lambda:             6.1e+02                       
Mu:                 1.0e+00                       
Algorithm:          FirstFit                      

+----------+----------+----------+----------+----------+----------+----------+
| progress | arrives  | blocking | time(s)  | Wald CI  | A-C. CI  | Wilson CI|
+----------+----------+----------+----------+----------+----------+----------+
|    5.0%  | 500000   |  1.1e-01 |    2646  |  8.6e-04 |  8.6e-04 |  8.6e-04 |
|   10.0%  |1000000   |  1.1e-01 |    5291  |  6.1e-04 |  6.1e-04 |  6.1e-04 |
|   15.0%  |1500000   |  1.1e-01 |    7911  |  5.0e-04 |  5.0e-04 |  5.0e-04 |
|   20.0%  |2000000   |  1.1e-01 |   10568  |  4.3e-04 |  4.3e-04 |  4.3e-04 |
|   25.0%  |2500000   |  1.1e-01 |   13213  |  3.8e-04 |  3.8e-04 |  3.8e-04 |
|   30.0%  |3000000   |  1.1e-01 |   15843  |  3.5e-04 |  3.5e-04 |  3.5e-04 |
|   35.0%  |3500000   |  1.1e-01 |   18481  |  3.2e-04 |  3.2e-04 |  3.2e-04 |
|   40.0%  |4000000   |  1.1e-01 |   21125  |  3.0e-04 |  3.0e-04 |  3.0e-04 |
|   45.0%  |4500000   |  1.1e-01 |   23766  |  2.9e-04 |  2.9e-04 |  2.9e-04 |
|   50.0%  |5000000   |  1.1e-01 |   26410  |  2.7e-04 |  2.7e-04 |  2.7e-04 |
|   55.0%  |5500000   |  1.1e-01 |   29058  |  2.6e-04 |  2.6e-04 |  2.6e-04 |
|   60.0%  |6000000   |  1.1e-01 |   31708  |  2.5e-04 |  2.5e-04 |  2.5e-04 |
|   65.0%  |6500000   |  1.1e-01 |   34342  |  2.4e-04 |  2.4e-04 |  2.4e-04 |
|   70.0%  |7000000   |  1.1e-01 |   36982  |  2.3e-04 |  2.3e-04 |  2.3e-04 |
|   75.0%  |7500000   |  1.1e-01 |   39620  |  2.2e-04 |  2.2e-04 |  2.2e-04 |
|   80.0%  |8000000   |  1.1e-01 |   42257  |  2.1e-04 |  2.1e-04 |  2.1e-04 |
|   85.0%  |8500000   |  1.1e-01 |   44897  |  2.1e-04 |  2.1e-04 |  2.1e-04 |
|   90.0%  |9000000   |  1.1e-01 |   47533  |  2.0e-04 |  2.0e-04 |  2.0e-04 |
|   95.0%  |9500000   |  1.1e-01 |   50173  |  2.0e-04 |  2.0e-04 |  2.0e-04 |
|  100.0%  |10000000   |  1.1e-01 |   52817  |  1.9e-04 |  1.9e-04 |  1.9e-04 |
Buffer:		    ON
Nodes:              14                            
Links:              42                            
Goal Connections:   10000000                      
Lambda:             6.5e+02                       
Mu:                 1.0e+00                       
Algorithm:          FirstFit                      

+----------+----------+----------+----------+----------+----------+----------+
| progress | arrives  | blocking | time(s)  | Wald CI  | A-C. CI  | Wilson CI|
+----------+----------+----------+----------+----------+----------+----------+
|    5.0%  | 500000   |  1.1e-01 |    2647  |  8.7e-04 |  8.7e-04 |  8.7e-04 |
|   10.0%  |1000000   |  1.1e-01 |    5296  |  6.1e-04 |  6.1e-04 |  6.1e-04 |
|   15.0%  |1500000   |  1.1e-01 |    7919  |  5.0e-04 |  5.0e-04 |  5.0e-04 |
|   20.0%  |2000000   |  1.1e-01 |   10560  |  4.4e-04 |  4.4e-04 |  4.4e-04 |
|   25.0%  |2500000   |  1.1e-01 |   13209  |  3.9e-04 |  3.9e-04 |  3.9e-04 |
|   30.0%  |3000000   |  1.1e-01 |   15827  |  3.6e-04 |  3.6e-04 |  3.6e-04 |
|   35.0%  |3500000   |  1.1e-01 |   18451  |  3.3e-04 |  3.3e-04 |  3.3e-04 |
|   40.0%  |4000000   |  1.1e-01 |   21094  |  3.1e-04 |  3.1e-04 |  3.1e-04 |
|   45.0%  |4500000   |  1.1e-01 |   23746  |  2.9e-04 |  2.9e-04 |  2.9e-04 |
|   50.0%  |5000000   |  1.1e-01 |   26375  |  2.8e-04 |  2.8e-04 |  2.8e-04 |
|   55.0%  |5500000   |  1.1e-01 |   29025  |  2.6e-04 |  2.6e-04 |  2.6e-04 |
|   60.0%  |6000000   |  1.1e-01 |   31672  |  2.5e-04 |  2.5e-04 |  2.5e-04 |
|   65.0%  |6500000   |  1.1e-01 |   34317  |  2.4e-04 |  2.4e-04 |  2.4e-04 |
|   70.0%  |7000000   |  1.1e-01 |   36939  |  2.3e-04 |  2.3e-04 |  2.3e-04 |
|   75.0%  |7500000   |  1.1e-01 |   39572  |  2.2e-04 |  2.2e-04 |  2.2e-04 |
|   80.0%  |8000000   |  1.1e-01 |   42219  |  2.2e-04 |  2.2e-04 |  2.2e-04 |
|   85.0%  |8500000   |  1.1e-01 |   44865  |  2.1e-04 |  2.1e-04 |  2.1e-04 |
|   90.0%  |9000000   |  1.1e-01 |   47512  |  2.1e-04 |  2.1e-04 |  2.1e-04 |
|   95.0%  |9500000   |  1.1e-01 |   50150  |  2.0e-04 |  2.0e-04 |  2.0e-04 |
|  100.0%  |10000000   |  1.1e-01 |   52792  |  1.9e-04 |  1.9e-04 |  1.9e-04 |
Buffer:		    ON
Nodes:              14                            
Links:              42                            
Goal Connections:   10000000                      
Lambda:             6.8e+02                       
Mu:                 1.0e+00                       
Algorithm:          FirstFit                      

+----------+----------+----------+----------+----------+----------+----------+
| progress | arrives  | blocking | time(s)  | Wald CI  | A-C. CI  | Wilson CI|
+----------+----------+----------+----------+----------+----------+----------+
|    5.0%  | 500000   |  1.1e-01 |    2665  |  8.8e-04 |  8.8e-04 |  8.8e-04 |
|   10.0%  |1000000   |  1.1e-01 |    5314  |  6.2e-04 |  6.2e-04 |  6.2e-04 |
|   15.0%  |1500000   |  1.1e-01 |    7957  |  5.1e-04 |  5.1e-04 |  5.1e-04 |
|   20.0%  |2000000   |  1.1e-01 |   10593  |  4.4e-04 |  4.4e-04 |  4.4e-04 |
|   25.0%  |2500000   |  1.1e-01 |   13227  |  3.9e-04 |  3.9e-04 |  3.9e-04 |
|   30.0%  |3000000   |  1.1e-01 |   15880  |  3.6e-04 |  3.6e-04 |  3.6e-04 |
|   35.0%  |3500000   |  1.1e-01 |   18513  |  3.3e-04 |  3.3e-04 |  3.3e-04 |
|   40.0%  |4000000   |  1.1e-01 |   21158  |  3.1e-04 |  3.1e-04 |  3.1e-04 |
|   45.0%  |4500000   |  1.1e-01 |   23784  |  2.9e-04 |  2.9e-04 |  2.9e-04 |
|   50.0%  |5000000   |  1.1e-01 |   26423  |  2.8e-04 |  2.8e-04 |  2.8e-04 |
|   55.0%  |5500000   |  1.1e-01 |   29072  |  2.7e-04 |  2.7e-04 |  2.7e-04 |
|   60.0%  |6000000   |  1.1e-01 |   31718  |  2.5e-04 |  2.5e-04 |  2.5e-04 |
|   65.0%  |6500000   |  1.1e-01 |   34370  |  2.4e-04 |  2.4e-04 |  2.4e-04 |
|   70.0%  |7000000   |  1.1e-01 |   37022  |  2.4e-04 |  2.4e-04 |  2.4e-04 |
|   75.0%  |7500000   |  1.1e-01 |   39643  |  2.3e-04 |  2.3e-04 |  2.3e-04 |
|   80.0%  |8000000   |  1.1e-01 |   42291  |  2.2e-04 |  2.2e-04 |  2.2e-04 |
|   85.0%  |8500000   |  1.1e-01 |   44947  |  2.1e-04 |  2.1e-04 |  2.1e-04 |
|   90.0%  |9000000   |  1.1e-01 |   47600  |  2.1e-04 |  2.1e-04 |  2.1e-04 |
|   95.0%  |9500000   |  1.1e-01 |   50235  |  2.0e-04 |  2.0e-04 |  2.0e-04 |
|  100.0%  |10000000   |  1.1e-01 |   52884  |  2.0e-04 |  2.0e-04 |  2.0e-04 |
Buffer:		    ON
Nodes:              14                            
Links:              42                            
Goal Connections:   10000000                      
Lambda:             7.2e+02                       
Mu:                 1.0e+00                       
Algorithm:          FirstFit                      

+----------+----------+----------+----------+----------+----------+----------+
| progress | arrives  | blocking | time(s)  | Wald CI  | A-C. CI  | Wilson CI|
+----------+----------+----------+----------+----------+----------+----------+
|    5.0%  |