Buffer:		    ON
./realloc_times/1_NSFnet_RSA.txt
Nodes:              14                            
Links:              42                            
Goal Connections:   10000000                      
Lambda:             180                           
Mu:                 1                             
Algorithm:          FirstFit                      

+----------+----------+----------+----------+----------+----------+----------+
| progress | arrives  | blocking | time(s)  | Wald CI  | A-C. CI  | Wilson CI|
+----------+----------+----------+----------+----------+----------+----------+
|    5.0%  | 500000   |  1.8e-03 |     180  |  1.2e-04 |  1.2e-04 |  1.2e-04 |
|   10.0%  |1000000   |  1.8e-03 |     359  |  8.3e-05 |  8.3e-05 |  8.3e-05 |
|   15.0%  |1500000   |  1.8e-03 |     539  |  6.8e-05 |  6.8e-05 |  6.8e-05 |
|   20.0%  |2000000   |  1.8e-03 |     719  |  5.9e-05 |  5.9e-05 |  5.9e-05 |
|   25.0%  |2500000   |  1.8e-03 |     898  |  5.3e-05 |  5.3e-05 |  5.3e-05 |
|   30.0%  |3000000   |  1.8e-03 |    1077  |  4.8e-05 |  4.8e-05 |  4.8e-05 |
|   35.0%  |3500000   |  1.8e-03 |    1255  |  4.4e-05 |  4.4e-05 |  4.4e-05 |
|   40.0%  |4000000   |  1.7e-03 |    1433  |  4.1e-05 |  4.1e-05 |  4.1e-05 |
|   45.0%  |4500000   |  1.7e-03 |    1610  |  3.8e-05 |  3.8e-05 |  3.8e-05 |
|   50.0%  |5000000   |  1.7e-03 |    1790  |  3.6e-05 |  3.6e-05 |  3.6e-05 |
|   55.0%  |5500000   |  1.7e-03 |    1970  |  3.5e-05 |  3.5e-05 |  3.5e-05 |
|   60.0%  |6000000   |  1.7e-03 |    2148  |  3.3e-05 |  3.3e-05 |  3.3e-05 |
|   65.0%  |6500000   |  1.7e-03 |    2327  |  3.2e-05 |  3.2e-05 |  3.2e-05 |
|   70.0%  |7000000   |  1.7e-03 |    2505  |  3.0e-05 |  3.0e-05 |  3.0e-05 |
|   75.0%  |7500000   |  1.7e-03 |    2684  |  2.9e-05 |  2.9e-05 |  2.9e-05 |
|   80.0%  |8000000   |  1.7e-03 |    2864  |  2.9e-05 |  2.9e-05 |  2.9e-05 |
|   85.0%  |8500000   |  1.7e-03 |    3043  |  2.8e-05 |  2.8e-05 |  2.8e-05 |
|   90.0%  |9000000   |  1.7e-03 |    3221  |  2.7e-05 |  2.7e-05 |  2.7e-05 |
|   95.0%  |9500000   |  1.7e-03 |    3400  |  2.6e-05 |  2.6e-05 |  2.6e-05 |
|  100.0%  |10000000   |  1.7e-03 |    3577  |  2.5e-05 |  2.5e-05 |  2.5e-05 |

No elements in buffer! :P
Buffer:		    ON
./realloc_times/2_NSFnet_RSA.txt
Nodes:              14                            
Links:              42                            
Goal Connections:   10000000                      
Lambda:             2.2e+02                       
Mu:                 1.0e+00                       
Algorithm:          FirstFit                      

+----------+----------+----------+----------+----------+----------+----------+
| progress | arrives  | blocking | time(s)  | Wald CI  | A-C. CI  | Wilson CI|
+----------+----------+----------+----------+----------+----------+----------+
|    5.0%  | 500000   |  2.2e-02 |     295  |  4.0e-04 |  4.0e-04 |  4.0e-04 |
|   10.0%  |1000000   |  2.1e-02 |     583  |  2.8e-04 |  2.8e-04 |  2.8e-04 |
|   15.0%  |1500000   |  2.1e-02 |     874  |  2.3e-04 |  2.3e-04 |  2.3e-04 |
|   20.0%  |2000000   |  2.1e-02 |    1173  |  2.0e-04 |  2.0e-04 |  2.0e-04 |
|   25.0%  |2500000   |  2.1e-02 |    1463  |  1.8e-04 |  1.8e-04 |  1.8e-04 |
|   30.0%  |3000000   |  2.1e-02 |    1761  |  1.6e-04 |  1.6e-04 |  1.6e-04 |
|   35.0%  |3500000   |  2.1e-02 |    2054  |  1.5e-04 |  1.5e-04 |  1.5e-04 |
|   40.0%  |4000000   |  2.1e-02 |    2353  |  1.4e-04 |  1.4e-04 |  1.4e-04 |
|   45.0%  |4500000   |  2.1e-02 |    2645  |  1.3e-04 |  1.3e-04 |  1.3e-04 |
|   50.0%  |5000000   |  2.1e-02 |    2940  |  1.3e-04 |  1.3e-04 |  1.3e-04 |
|   55.0%  |5500000   |  2.1e-02 |    3236  |  1.2e-04 |  1.2e-04 |  1.2e-04 |
|   60.0%  |6000000   |  2.1e-02 |    3525  |  1.2e-04 |  1.2e-04 |  1.2e-04 |
|   65.0%  |6500000   |  2.1e-02 |    3818  |  1.1e-04 |  1.1e-04 |  1.1e-04 |
|   70.0%  |7000000   |  2.1e-02 |    4114  |  1.1e-04 |  1.1e-04 |  1.1e-04 |
|   75.0%  |7500000   |  2.2e-02 |    4421  |  1.0e-04 |  1.0e-04 |  1.0e-04 |
|   80.0%  |8000000   |  2.1e-02 |    4713  |  1.0e-04 |  1.0e-04 |  1.0e-04 |
|   85.0%  |8500000   |  2.1e-02 |    5002  |  9.7e-05 |  9.7e-05 |  9.7e-05 |
|   90.0%  |9000000   |  2.1e-02 |    5300  |  9.5e-05 |  9.5e-05 |  9.5e-05 |
|   95.0%  |9500000   |  2.1e-02 |    5594  |  9.2e-05 |  9.2e-05 |  9.2e-05 |
|  100.0%  |10000000   |  2.1e-02 |    5885  |  9.0e-05 |  9.0e-05 |  9.0e-05 |

No elements in buffer! :P
Buffer:		    ON
./realloc_times/3_NSFnet_RSA.txt
Nodes:              14                            
Links:              42                            
Goal Connections:   10000000                      
Lambda:             2.5e+02                       
Mu:                 1.0e+00                       
Algorithm:          FirstFit                      

+----------+----------+----------+----------+----------+----------+----------+
| progress | arrives  | blocking | time(s)  | Wald CI  | A-C. CI  | Wilson CI|
+----------+----------+----------+----------+----------+----------+----------+
|    5.0%  | 500000   |  8.5e-02 |     672  |  7.7e-04 |  7.7e-04 |  7.7e-04 |
|   10.0%  |1000000   |  8.6e-02 |    1361  |  5.5e-04 |  5.5e-04 |  5.5e-04 |
|   15.0%  |1500000   |  8.7e-02 |    2046  |  4.5e-04 |  4.5e-04 |  4.5e-04 |
|   20.0%  |2000000   |  8.7e-02 |    2733  |  3.9e-04 |  3.9e-04 |  3.9e-04 |
|   25.0%  |2500000   |  8.7e-02 |    3409  |  3.5e-04 |  3.5e-04 |  3.5e-04 |
|   30.0%  |3000000   |  8.7e-02 |    4116  |  3.2e-04 |  3.2e-04 |  3.2e-04 |
|   35.0%  |3500000   |  8.8e-02 |    4811  |  3.0e-04 |  3.0e-04 |  3.0e-04 |
|   40.0%  |4000000   |  8.8e-02 |    5496  |  2.8e-04 |  2.8e-04 |  2.8e-04 |
|   45.0%  |4500000   |  8.8e-02 |    6186  |  2.6e-04 |  2.6e-04 |  2.6e-04 |
|   50.0%  |5000000   |  8.8e-02 |    6882  |  2.5e-04 |  2.5e-04 |  2.5e-04 |
|   55.0%  |5500000   |  8.8e-02 |    7575  |  2.4e-04 |  2.4e-04 |  2.4e-04 |
|   60.0%  |6000000   |  8.8e-02 |    8244  |  2.3e-04 |  2.3e-04 |  2.3e-04 |
|   65.0%  |6500000   |  8.8e-02 |    8921  |  2.2e-04 |  2.2e-04 |  2.2e-04 |
|   70.0%  |7000000   |  8.8e-02 |    9620  |  2.1e-04 |  2.1e-04 |  2.1e-04 |
|   75.0%  |7500000   |  8.8e-02 |   10331  |  2.0e-04 |  2.0e-04 |  2.0e-04 |
|   80.0%  |8000000   |  8.8e-02 |   11028  |  2.0e-04 |  2.0e-04 |  2.0e-04 |
|   85.0%  |8500000   |  8.8e-02 |   11748  |  1.9e-04 |  1.9e-04 |  1.9e-04 |
|   90.0%  |9000000   |  8.8e-02 |   12445  |  1.8e-04 |  1.8e-04 |  1.8e-04 |
|   95.0%  |9500000   |  8.8e-02 |   13147  |  1.8e-04 |  1.8e-04 |  1.8e-04 |
|  100.0%  |10000000   |  8.8e-02 |   13840  |  1.8e-04 |  1.8e-04 |  1.8e-04 |
Buffer:		    ON
./realloc_times/4_NSFnet_RSA.txt
Nodes:              14                            
Links:              42                            
Goal Connections:   10000000                      
Lambda:             2.9e+02                       
Mu:                 1.0e+00                       
Algorithm:          FirstFit                      

+----------+----------+----------+----------+----------+----------+----------+
| progress | arrives  | blocking | time(s)  | Wald CI  | A-C. CI  | Wilson CI|
+----------+----------+----------+----------+----------+----------+----------+
|    5.0%  | 500000   |  1.1e-01 |     768  |  8.6e-04 |  8.6e-04 |  8.6e-04 |
|   10.0%  |1000000   |  1.1e-01 |    1536  |  6.1e-04 |  6.1e-04 |  6.1e-04 |
|   15.0%  |1500000   |  1.1e-01 |    2305  |  5.0e-04 |  5.0e-04 |  5.0e-04 |
|   20.0%  |2000000   |  1.1e-01 |    3073  |  4.3e-04 |  4.3e-04 |  4.3e-04 |
|   25.0%  |2500000   |  1.1e-01 |    3840  |  3.8e-04 |  3.8e-04 |  3.8e-04 |
|   30.0%  |3000000   |  1.1e-01 |    4608  |  3.5e-04 |  3.5e-04 |  3.5e-04 |
|   35.0%  |3500000   |  1.1e-01 |    5378  |  3.2e-04 |  3.2e-04 |  3.2e-04 |
|   40.0%  |4000000   |  1.1e-01 |    6146  |  3.0e-04 |  3.0e-04 |  3.0e-04 |
|   45.0%  |4500000   |  1.1e-01 |    6914  |  2.9e-04 |  2.9e-04 |  2.9e-04 |
|   50.0%  |5000000   |  1.1e-01 |    7682  |  2.7e-04 |  2.7e-04 |  2.7e-04 |
|   55.0%  |5500000   |  1.1e-01 |    8451  |  2.6e-04 |  2.6e-04 |  2.6e-04 |
|   60.0%  |6000000   |  1.1e-01 |    9219  |  2.5e-04 |  2.5e-04 |  2.5e-04 |
|   65.0%  |6500000   |  1.1e-01 |    9990  |  2.4e-04 |  2.4e-04 |  2.4e-04 |
|   70.0%  |7000000   |  1.1e-01 |   10759  |  2.3e-04 |  2.3e-04 |  2.3e-04 |
|   75.0%  |7500000   |  1.1e-01 |   11528  |  2.2e-04 |  2.2e-04 |  2.2e-04 |
|   80.0%  |8000000   |  1.1e-01 |   12301  |  2.1e-04 |  2.1e-04 |  2.1e-04 |
|   85.0%  |8500000   |  1.1e-01 |   13071  |  2.1e-04 |  2.1e-04 |  2.1e-04 |
|   90.0%  |9000000   |  1.1e-01 |   13839  |  2.0e-04 |  2.0e-04 |  2.0e-04 |
|   95.0%  |9500000   |  1.1e-01 |   14608  |  2.0e-04 |  2.0e-04 |  2.0e-04 |
|  100.0%  |10000000   |  1.1e-01 |   15379  |  1.9e-04 |  1.9e-04 |  1.9e-04 |
Buffer:		    ON
./realloc_times/5_NSFnet_RSA.txt
Nodes:              14                            
Links:              42                            
Goal Connections:   10000000                      
Lambda:             3.2e+02                       
Mu:                 1.0e+00                       
Algorithm:          FirstFit                      

+----------+----------+----------+----------+----------+----------+----------+
| progress | arrives  | blocking | time(s)  | Wald CI  | A-C. CI  | Wilson CI|
+----------+----------+----------+----------+----------+----------+----------+
|    5.0%  | 500000   |  1.1e-01 |     764  |  8.7e-04 |  8.7e-04 |  8.7e-04 |
|   10.0%  |1000000   |  1.1e-01 |    1527  |  6.2e-04 |  6.2e-04 |  6.2e-04 |
|   15.0%  |1500000   |  1.1e-01 |    2289  |  5.0e-04 |  5.0e-04 |  5.0e-04 |
|   20.0%  |2000000   |  1.1e-01 |    3055  |  4.4e-04 |  4.4e-04 |  4.4e-04 |
|   25.0%  |2500000   |  1.1e-01 |    3819  |  3.9e-04 |  3.9e-04 |  3.9e-04 |
|   30.0%  |3000000   |  1.1e-01 |    4583  |  3.6e-04 |  3.6e-04 |  3.6e-04 |
|   35.0%  |3500000   |  1.1e-01 |    5347  |  3.3e-04 |  3.3e-04 |  3.3e-04 |
|   40.0%  |4000000   |  1.1e-01 |    6113  |  3.1e-04 |  3.1e-04 |  3.1e-04 |
|   45.0%  |4500000   |  1.1e-01 |    6877  |  2.9e-04 |  2.9e-04 |  2.9e-04 |
|   50.0%  |5000000   |  1.1e-01 |    7642  |  2.8e-04 |  2.8e-04 |  2.8e-04 |
|   55.0%  |5500000   |  1.1e-01 |    8406  |  2.6e-04 |  2.6e-04 |  2.6e-04 |
|   60.0%  |6000000   |  1.1e-01 |    9170  |  2.5e-04 |  2.5e-04 |  2.5e-04 |
|   65.0%  |6500000   |  1.1e-01 |    9936  |  2.4e-04 |  2.4e-04 |  2.4e-04 |
|   70.0%  |7000000   |  1.1e-01 |   10699  |  2.3e-04 |  2.3e-04 |  2.3e-04 |
|   75.0%  |7500000   |  1.1e-01 |   11464  |  2.3e-04 |  2.3e-04 |  2.3e-04 |
|   80.0%  |8000000   |  1.1e-01 |   12230  |  2.2e-04 |  2.2e-04 |  2.2e-04 |
|   85.0%  |8500000   |  1.1e-01 |   12994  |  2.1e-04 |  2.1e-04 |  2.1e-04 |
|   90.0%  |9000000   |  1.1e-01 |   13759  |  2.1e-04 |  2.1e-04 |  2.1e-04 |
|   95.0%  |9500000   |  1.1e-01 |   14522  |  2.0e-04 |  2.0e-04 |  2.0e-04 |
|  100.0%  |10000000   |  1.1e-01 |   15287  |  2.0e-04 |  2.0e-04 |  2.0e-04 |
Buffer:		    ON
./realloc_times/6_NSFnet_RSA.txt
Nodes:              14                            
Links:              42                            
Goal Connections:   10000000                      
Lambda:             3.6e+02                       
Mu:                 1.0e+00                       
Algorithm:          FirstFit                      

+----------+----------+----------+----------+----------+----------+----------+
| progress | arrives  | blocking | time(s)  | Wald CI  | A-C. CI  | Wilson CI|
+----------+----------+----------+----------+----------+----------+----------+
|    5.0%  | 500000   |  1.2e-01 |     760  |  8.9e-04 |  8.9e-04 |  8.9e-04 |
|   10.0%  |1000000   |  1.2e-01 |    1521  |  6.3e-04 |  6.3e-04 |  6.3e-04 |
|   15.0%  |1500000   |  1.2e-01 |    2281  |  5.1e-04 |  5.1e-04 |  5.1e-04 |
|   20.0%  |2000000   |  1.2e-01 |    3044  |  4.5e-04 |  4.5e-04 |  4.5e-04 |
|   25.0%  |2500000   |  1.2e-01 |    3804  |  4.0e-04 |  4.0e-04 |  4.0e-04 |
|   30.0%  |3000000   |  1.2e-01 |    4564  |  3.6e-04 |  3.6e-04 |  3.6e-04 |
|   35.0%  |3500000   |  1.2e-01 |    5325  |  3.4e-04 |  3.4e-04 |  3.4e-04 |
|   40.0%  |4000000   |  1.2e-01 |    6087  |  3.2e-04 |  3.2e-04 |  3.2e-04 |
|   45.0%  |4500000   |  1.2e-01 |    6849  |  3.0e-04 |  3.0e-04 |  3.0e-04 |
|   50.0%  |5000000   |  1.2e-01 |    7610  |  2.8e-04 |  2.8e-04 |  2.8e-04 |
|   55.0%  |5500000   |  1.2e-01 |    8372  |  2.7e-04 |  2.7e-04 |  2.7e-04 |
|   60.0%  |6000000   |  1.2e-01 |    9132  |  2.6e-04 |  2.6e-04 |  2.6e-04 |
|   65.0%  |6500000   |  1.2e-01 |    9893  |  2.5e-04 |  2.5e-04 |  2.5e-04 |
|   70.0%  |7000000   |  1.2e-01 |   10657  |  2.4e-04 |  2.4e-04 |  2.4e-04 |
|   75.0%  |7500000   |  1.2e-01 |   11419  |  2.3e-04 |  2.3e-04 |  2.3e-04 |
|   80.0%  |8000000   |  1.2e-01 |   12181  |  2.2e-04 |  2.2e-04 |  2.2e-04 |
|   85.0%  |8500000   |  1.2e-01 |   12943  |  2.2e-04 |  2.2e-04 |  2.2e-04 |
|   90.0%  |9000000   |  1.2e-01 |   13706  |  2.1e-04 |  2.1e-04 |  2.1e-04 |
|   95.0%  |9500000   |  1.2e-01 |   14468  |  2.0e-04 |  2.0e-04 |  2.0e-04 |
|  100.0%  |10000000   |  1.2e-01 |   15229  |  2.0e-04 |  2.0e-04 |  2.0e-04 |
Buffer:		    ON
./realloc_times/7_NSFnet_RSA.txt
Nodes:              14                            
Links:              42                            
Goal Connections:   10000000                      
Lambda:             4.0e+02                       
Mu:                 1.0e+00                       
Algorithm:          FirstFit                      

+----------+----------+----------+----------+----------+----------+----------+
| progress | arrives  | blocking | time(s)  | Wald CI  | A-C. CI  | Wilson CI|
+----------+----------+----------+----------+----------+----------+----------+
|    5.0%  | 500000   |  1.2e-01 |     758  |  9.0e-04 |  9.0e-04 |  9.0e-04 |
|   10.0%  |1000000   |  1.2e-01 |    1517  |  6.4e-04 |  6.4e-04 |  6.4e-04 |
|   15.0%  |1500000   |  1.2e-01 |    2272  |  5.2e-04 |  5.2e-04 |  5.2e-04 |
|   20.0%  |2000000   |  1.2e-01 |    3028  |  4.5e-04 |  4.5e-04 |  4.5e-04 |
|   25.0%  |2500000   |  1.2e-01 |    3787  |  4.0e-04 |  4.0e-04 |  4.0e-04 |
|   30.0%  |3000000   |  1.2e-01 |    4545  |  3.7e-04 |  3.7e-04 |  3.7e-04 |
|   35.0%  |3500000   |  1.2e-01 |    5301  |  3.4e-04 |  3.4e-04 |  3.4e-04 |
|   40.0%  |4000000   |  1.2e-01 |    6059  |  3.2e-04 |  3.2e-04 |  3.2e-04 |
|   45.0%  |4500000   |  1.2e-01 |    6815  |  3.0e-04 |  3.0e-04 |  3.0e-04 |
|   50.0%  |5000000   |  1.2e-01 |    7572  |  2.9e-04 |  2.9e-04 |  2.9e-04 |
|   55.0%  |5500000   |  1.2e-01 |    8331  |  2.7e-04 |  2.7e-04 |  2.7e-04 |
|   60.0%  |6000000   |  1.2e-01 |    9092  |  2.6e-04 |  2.6e-04 |  2.6e-04 |
|   65.0%  |6500000   |  1.2e-01 |    9849  |  2.5e-04 |  2.5e-04 |  2.5e-04 |
|   70.0%  |7000000   |  1.2e-01 |   10607  |  2.4e-04 |  2.4e-04 |  2.4e-04 |
|   75.0%  |7500000   |  1.2e-01 |   11365  |  2.3e-04 |  2.3e-04 |  2.3e-04 |
|   80.0%  |8000000   |  1.2e-01 |   12123  |  2.3e-04 |  2.3e-04 |  2.3e-04 |
|   85.0%  |8500000   |  1.2e-01 |   12879  |  2.2e-04 |  2.2e-04 |  2.2e-04 |
|   90.0%  |9000000   |  1.2e-01 |   13638  |  2.1e-04 |  2.1e-04 |  2.1e-04 |
|   95.0%  |9500000   |  1.2e-01 |   14393  |  2.1e-04 |  2.1e-04 |  2.1e-04 |
|  100.0%  |10000000   |  1.2e-01 |   15151  |  2.0e-04 |  2.0e-04 |  2.0e-04 |
Buffer:		    ON
./realloc_times/8_NSFnet_RSA.txt
Nodes:              14                            
Links:              42                            
Goal Connections:   10000000                      
Lambda:             4.3e+02                       
Mu:                 1.0e+00                       
Algorithm:          FirstFit                      

+----------+----------+----------+----------+----------+----------+----------+
| progress | arrives  | blocking | time(s)  | Wald CI  | A-C. CI  | Wilson CI|
+----------+----------+----------+----------+----------+----------+----------+
|    5.0%  | 500000   |  1.2e-01 |     756  |  9.2e-04 |  9.2e-04 |  9.2e-04 |
|   10.0%  |1000000   |  1.3e-01 |    1512  |  6.5e-04 |  6.5e-04 |  6.5e-04 |
|   15.0%  |1500000   |  1.3e-01 |    2281  |  5.3e-04 |  5.3e-04 |  5.3e-04 |
|   20.0%  |2000000   |  1.3e-01 |    3237  |  4.6e-04 |  4.6e-04 |  4.6e-04 |
|   25.0%  |2500000   |  1.3e-01 |    4211  |  4.1e-04 |  4.1e-04 |  4.1e-04 |
|   30.0%  |3000000   |  1.3e-01 |    5190  |  3.7e-04 |  3.7e-04 |  3.7e-04 |
|   35.0%  |3500000   |  1.3e-01 |    5997  |  3.5e-04 |  3.5e-04 |  3.5e-04 |
|   40.0%  |4000000   |  1.3e-01 |    6755  |  3.2e-04 |  3.2e-04 |  3.2e-04 |
|   45.0%  |4500000   |  1.3e-01 |    7508  |  3.1e-04 |  3.1e-04 |  3.1e-04 |
|   50.0%  |5000000   |  1.3e-01 |    8267  |  2.9e-04 |  2.9e-04 |  2.9e-04 |
|   55.0%  |5500000   |  1.3e-01 |    9024  |  2.8e-04 |  2.8e-04 |  2.8e-04 |
|   60.0%  |6000000   |  1.3e-01 |    9784  |  2.6e-04 |  2.6e-04 |  2.6e-04 |
|   65.0%  |6500000   |  1.3e-01 |   10541  |  2.5e-04 |  2.5e-04 |  2.5e-04 |
|   70.0%  |7000000   |  1.3e-01 |   11302  |  2.5e-04 |  2.5e-04 |  2.5e-04 |
|   75.0%  |7500000   |  1.3e-01 |   12067  |  2.4e-04 |  2.4e-04 |  2.4e-04 |
|   80.0%  |8000000   |  1.3e-01 |   12847  |  2.3e-04 |  2.3e-04 |  2.3e-04 |
|   85.0%  |8500000   |  1.3e-01 |   13838  |  2.2e-04 |  2.2e-04 |  2.2e-04 |
|   90.0%  |9000000   |  1.3e-01 |   14834  |  2.2e-04 |  2.2e-04 |  2.2e-04 |
|   95.0%  |9500000   |  1.3e-01 |   15780  |  2.1e-04 |  2.1e-04 |  2.1e-04 |
|  100.0%  |10000000   |  1.3e-01 |   16718  |  2.1e-04 |  2.1e-04 |  2.1e-04 |
Buffer:		    ON
./realloc_times/9_NSFnet_RSA.txt
Nodes:              14                            
Links:              42                            
Goal Connections:   10000000                      
Lambda:             4.7e+02                       
Mu:                 1.0e+00                       
Algorithm:          FirstFit                      

+----------+----------+----------+----------+----------+----------+----------+
| progress | arrives  | blocking | time(s)  | Wald CI  | A-C. CI  | Wilson CI|
+----------+----------+----------+----------+----------+----------+----------+
|    5.0%  | 500000   |  1.3e-01 |    1364  |  9.3e-04 |  9.3e-04 |  9.3e-04 |
|   10.0%  |1000000   |  1.3e-01 |    2730  |  6.6e-04 |  6.6e-04 |  6.6e-04 |
|   15.0%  |1500000   |  1.3e-01 |    4111  |  5.4e-04 |  5.4e-04 |  5.4e-04 |
|   20.0%  |2000000   |  1.3e-01 |    5482  |  4.6e-04 |  4.6e-04 |  4.6e-04 |
|   25.0%  |2500000   |  1.3e-01 |    6839  |  4.2e-04 |  4.2e-04 |  4.2e-04 |
|   30.0%  |3000000   |  1.3e-01 |    8197  |  3.8e-04 |  3.8e-04 |  3.8e-04 |
|   35.0%  |3500000   |  1.3e-01 |    9571  |  3.5e-04 |  3.5e-04 |  3.5e-04 |
|   40.0%  |4000000   |  1.3e-01 |   10943  |  3.3e-04 |  3.3e-04 |  3.3e-04 |
|   45.0%  |4500000   |  1.3e-01 |   12308  |  3.1e-04 |  3.1e-04 |  3.1e-04 |
|   50.0%  |5000000   |  1.3e-01 |   13678  |  2.9e-04 |  2.9e-04 |  2.9e-04 |
|   55.0%  |5500000   |  1.3e-01 |   15042  |  2.8e-04 |  2.8e-04 |  2.8e-04 |
|   60.0%  |6000000   |  1.3e-01 |   16408  |  2.7e-04 |  2.7e-04 |  2.7e-04 |
|   65.0%  |6500000   |  1.3e-01 |   17789  |  2.6e-04 |  2.6e-04 |  2.6e-04 |
|   70.0%  |7000000   |  1.3e-01 |   19144  |  2.5e-04 |  2.5e-04 |  2.5e-04 |
|   75.0%  |7500000   |  1.3e-01 |   20513  |  2.4e-04 |  2.4e-04 |  2.4e-04 |
|   80.0%  |8000000   |  1.3e-01 |   21871  |  2.3e-04 |  2.3e-04 |  2.3e-04 |
|   85.0%  |8500000   |  1.3e-01 |   23264  |  2.3e-04 |  2.3e-04 |  2.3e-04 |
|   90.0%  |9000000   |  1.3e-01 |   24614  |  2.2e-04 |  2.2e-04 |  2.2e-04 |
|   95.0%  |9500000   |  1.3e-01 |   25978  |  2.1e-04 |  2.1e-04 |  2.1e-04 |
|  100.0%  |10000000   |  1.3e-01 |   27333  |  2.1e-04 |  2.1e-04 |  2.1e-04 |
Buffer:		    ON
./realloc_times/10_NSFnet_RSA.txt
Nodes:              14                            
Links:              42                            
Goal Connections:   10000000                      
Lambda:             5.0e+02                       
Mu:                 1.0e+00                       
Algorithm:          FirstFit                      

+----------+----------+----------+----------+----------+----------+----------+
| progress | arrives  | blocking | time(s)  | Wald CI  | A-C. CI  | Wilson CI|
+----------+----------+----------+----------+----------+----------+----------+
|    5.0%  | 500000   |  1.3e-01 |    1339  |  9.4e-04 |  9.4e-04 |  9.4e-04 |
|   10.0%  |1000000   |  1.3e-01 |    2671  |  6.7e-04 |  6.7e-04 |  6.7e-04 |
|   15.0%  |1500000   |  1.3e-01 |    4015  |  5.4e-04 |  5.4e-04 |  5.4e-04 |
|   20.0%  |2000000   |  1.3e-01 |    5343  |  4.7e-04 |  4.7e-04 |  4.7e-04 |
|   25.0%  |2500000   |  1.3e-01 |    6680  |  4.2e-04 |  4.2e-04 |  4.2e-04 |
|   30.0%  |3000000   |  1.3e-01 |    8016  |  3.8e-04 |  3.8e-04 |  3.8e-04 |
|   35.0%  |3500000   |  1.3e-01 |    9348  |  3.6e-04 |  3.6e-04 |  3.6e-04 |
|   40.0%  |4000000   |  1.3e-01 |   10682  |  3.3e-04 |  3.3e-04 |  3.3e-04 |
|   45.0%  |4500000   |  1.3e-01 |   12002  |  3.1e-04 |  3.1e-04 |  3.1e-04 |
|   50.0%  |5000000   |  1.3e-01 |   13342  |  3.0e-04 |  3.0e-04 |  3.0e-04 |
|   55.0%  |5500000   |  1.3e-01 |   14680  |  2.8e-04 |  2.8e-04 |  2.8e-04 |
|   60.0%  |6000000   |  1.3e-01 |   16000  |  2.7e-04 |  2.7e-04 |  2.7e-04 |
|   65.0%  |6500000   |  1.3e-01 |   17323  |  2.6e-04 |  2.6e-04 |  2.6e-04 |
|   70.0%  |7000000   |  1.3e-01 |   18650  |  2.5e-04 |  2.5e-04 |  2.5e-04 |
|   75.0%  |7500000   |  1.3e-01 |   19986  |  2.4e-04 |  2.4e-04 |  2.4e-04 |
|   80.0%  |8000000   |  1.3e-01 |   21320  |  2.4e-04 |  2.4e-04 |  2.4e-04 |
|   85.0%  |8500000   |  1.3e-01 |   22647  |  2.3e-04 |  2.3e-04 |  2.3e-04 |
|   90.0%  |9000000   |  1.3e-01 |   23989  |  2.2e-04 |  2.2e-04 |  2.2e-04 |
|   95.0%  |9500000   |  1.3e-01 |   25309  |  2.2e-04 |  2.2e-04 |  2.2e-04 |
|  100.0%  |10000000   |  1.3e-01 |   26618  |  2.1e-04 |  2.1e-04 |  2.1e-04 |
Buffer:		    ON
./realloc_times/11_NSFnet_RSA.txt
Nodes:              14                            
Links:              42                            
Goal Connections:   10000000                      
Lambda:             5.4e+02                       
Mu:                 1.0e+00                       
Algorithm:          FirstFit                      

+----------+----------+----------+----------+----------+----------+----------+
| progress | arrives  | blocking | time(s)  | Wald CI  | A-C. CI  | Wilson CI|
+----------+----------+----------+----------+----------+----------+----------+
|    5.0%  | 500000   |  1.4e-01 |    1335  |  9.5e-04 |  9.5e-04 |  9.5e-04 |
|   10.0%  |1000000   |  1.4e-01 |    2506  |  6.7e-04 |  6.7e-04 |  6.7e-04 |
|   15.0%  |1500000   |  1.4e-01 |    3654  |  5.5e-04 |  5.5e-04 |  5.5e-04 |
|   20.0%  |2000000   |  1.4e-01 |    4555  |  4.8e-04 |  4.8e-04 |  4.8e-04 |
|   25.0%  |2500000   |  1.4e-01 |    5312  |  4.3e-04 |  4.3e-04 |  4.3e-04 |
|   30.0%  |3000000   |  1.4e-01 |    6068  |  3.9e-04 |  3.9e-04 |  3.9e-04 |
|   35.0%  |3500000   |  1.4e-01 |    6825  |  3.6e-04 |  3.6e-04 |  3.6e-04 |
|   40.0%  |4000000   |  1.4e-01 |    7580  |  3.4e-04 |  3.4e-04 |  3.4e-04 |
|   45.0%  |4500000   |  1.4e-01 |    8336  |  3.2e-04 |  3.2e-04 |  3.2e-04 |
|   50.0%  |5000000   |  1.4e-01 |    9094  |  3.0e-04 |  3.0e-04 |  3.0e-04 |
|   55.0%  |5500000   |  1.4e-01 |    9854  |  2.9e-04 |  2.9e-04 |  2.9e-04 |
|   60.0%  |6000000   |  1.4e-01 |   10608  |  2.7e-04 |  2.7e-04 |  2.7e-04 |
|   65.0%  |6500000   |  1.4e-01 |   11364  |  2.6e-04 |  2.6e-04 |  2.6e-04 |
|   70.0%  |7000000   |  1.4e-01 |   12118  |  2.5e-04 |  2.5e-04 |  2.5e-04 |
|   75.0%  |7500000   |  1.4e-01 |   12877  |  2.5e-04 |  2.5e-04 |  2.5e-04 |
|   80.0%  |8000000   |  1.4e-01 |   13633  |  2.4e-04 |  2.4e-04 |  2.4e-04 |
|   85.0%  |8500000   |  1.4e-01 |   14391  |  2.3e-04 |  2.3e-04 |  2.3e-04 |
|   90.0%  |9000000   |  1.4e-01 |   15152  |  2.2e-04 |  2.2e-04 |  2.2e-04 |
|   95.0%  |9500000   |  1.4e-01 |   15910  |  2.2e-04 |  2.2e-04 |  2.2e-04 |
|  100.0%  |10000000   |  1.4e-01 |   16666  |  2.1e-04 |  2.1e-04 |  2.1e-04 |
Buffer:		    ON
./realloc_times/12_NSFnet_RSA.txt
Nodes:              14                            
Links:              42                            
Goal Connections:   10000000                      
Lambda:             5.8e+02                       
Mu:                 1.0e+00                       
Algorithm:          FirstFit                      

+----------+----------+----------+----------+----------+----------+----------+
| progress | arrives  | blocking | time(s)  | Wald CI  | A-C. CI  | Wilson CI|
+----------+----------+----------+----------+----------+----------+----------+
|    5.0%  | 500000   |  1.4e-01 |     756  |  9.6e-04 |  9.6e-04 |  9.6e-04 |
|   10.0%  |1000000   |  1.4e-01 |    1514  |  6.8e-04 |  6.8e-04 |  6.8e-04 |
|   15.0%  |1500000   |  1.4e-01 |    2274  |  5.6e-04 |  5.6e-04 |  5.6e-04 |
|   20.0%  |2000000   |  1.4e-01 |    3030  |  4.8e-04 |  4.8e-04 |  4.8e-04 |
|   25.0%  |2500000   |  1.4e-01 |    3783  |  4.3e-04 |  4.3e-04 |  4.3e-04 |
|   30.0%  |3000000   |  1.4e-01 |    4538  |  3.9e-04 |  3.9e-04 |  3.9e-04 |
|   35.0%  |3500000   |  1.4e-01 |    5297  |  3.6e-04 |  3.6e-04 |  3.6e-04 |
|   40.0%  |4000000   |  1.4e-01 |    6058  |  3.4e-04 |  3.4e-04 |  3.4e-04 |
|   45.0%  |4500000   |  1.4e-01 |    6811  |  3.2e-04 |  3.2e-04 |  3.2e-04 |
|   50.0%  |5000000   |  1.4e-01 |    7571  |  3.0e-04 |  3.0e-04 |  3.0e-04 |
|   55.0%  |5500000   |  1.4e-01 |    8328  |  2.9e-04 |  2.9e-04 |  2.9e-04 |
|   60.0%  |6000000   |  1.4e-01 |    9094  |  2.8e-04 |  2.8e-04 |  2.8e-04 |
|   65.0%  |6500000   |  1.4e-01 |    9855  |  2.7e-04 |  2.7e-04 |  2.7e-04 |
|   70.0%  |7000000   |  1.4e-01 |   10611  |  2.6e-04 |  2.6e-04 |  2.6e-04 |
|   75.0%  |7500000   |  1.4e-01 |   11366  |  2.5e-04 |  2.5e-04 |  2.5e-04 |
|   80.0%  |8000000   |  1.4e-01 |   12129  |  2.4e-04 |  2.4e-04 |  2.4e-04 |
|   85.0%  |8500000   |  1.4e-01 |   12888  |  2.3e-04 |  2.3e-04 |  2.3e-04 |
|   90.0%  |9000000   |  1.4e-01 |   13650  |  2.3e-04 |  2.3e-04 |  2.3e-04 |
|   95.0%  |9500000   |  1.4e-01 |   14408  |  2.2e-04 |  2.2e-04 |  2.2e-04 |
|  100.0%  |10000000   |  1.4e-01 |   15167  |  2.2e-04 |  2.2e-04 |  2.2e-04 |
Buffer:		    ON
./realloc_times/13_NSFnet_RSA.txt
Nodes:              14                            
Links:              42                            
Goal Connections:   10000000                      
Lambda:             6.1e+02                       
Mu:                 1.0e+00                       
Algorithm:          FirstFit                      

+----------+----------+----------+----------+----------+----------+----------+
| progress | arrives  | blocking | time(s)  | Wald CI  | A-C. CI  | Wilson CI|
+----------+----------+----------+----------+----------+----------+----------+
|    5.0%  | 500000   |  1.4e-01 |     757  |  9.7e-04 |  9.7e-04 |  9.7e-04 |
|   10.0%  |1000000   |  1.4e-01 |    1636  |  6.9e-04 |  6.9e-04 |  6.9e-04 |
|   15.0%  |1500000   |  1.4e-01 |    2567  |  5.6e-04 |  5.6e-04 |  5.6e-04 |
|   20.0%  |2000000   |  1.4e-01 |    3506  |  4.9e-04 |  4.9e-04 |  4.9e-04 |
|   25.0%  |2500000   |  1.4e-01 |    4452  |  4.3e-04 |  4.3e-04 |  4.3e-04 |
|   30.0%  |3000000   |  1.4e-01 |    5383  |  4.0e-04 |  4.0e-04 |  4.0e-04 |
|   35.0%  |3500000   |  1.4e-01 |    6357  |  3.7e-04 |  3.7e-04 |  3.7e-04 |
|   40.0%  |4000000   |  1.4e-01 |    7471  |  3.4e-04 |  3.4e-04 |  3.4e-04 |
|   45.0%  |4500000   |  1.4e-01 |    8575  |  3.2e-04 |  3.2e-04 |  3.2e-04 |
|   50.0%  |5000000   |  1.4e-01 |    9701  |  3.1e-04 |  3.1e-04 |  3.1e-04 |
|   55.0%  |5500000   |  1.4e-01 |   10848  |  2.9e-04 |  2.9e-04 |  2.9e-04 |
|   60.0%  |6000000   |  1.4e-01 |   11972  |  2.8e-04 |  2.8e-04 |  2.8e-04 |
|   65.0%  |6500000   |  1.4e-01 |   13108  |  2.7e-04 |  2.7e-04 |  2.7e-04 |
|   70.0%  |7000000   |  1.4e-01 |   14226  |  2.6e-04 |  2.6e-04 |  2.6e-04 |
|   75.0%  |7500000   |  1.4e-01 |   15370  |  2.5e-04 |  2.5e-04 |  2.5e-04 |
|   80.0%  |8000000   |  1.4e-01 |   16525  |  2.4e-04 |  2.4e-04 |  2.4e-04 |
|   85.0%  |8500000   |  1.4e-01 |   17661  |  2.4e-04 |  2.4e-04 |  2.4e-04 |
|   90.0%  |9000000   |  1.4e-01 |   18805  |  2.3e-04 |  2.3e-04 |  2.3e-04 |
|   95.0%  |9500000   |  1.4e-01 |   19957  |  2.2e-04 |  2.2e-04 |  2.2e-04 |
|  100.0%  |10000000   |  1.4e-01 |   21109  |  2.2e-04 |  2.2e-04 |  2.2e-04 |
Buffer:		    ON
./realloc_times/14_NSFnet_RSA.txt
Nodes:              14                            
Links:              42                            
Goal Connections:   10000000                      
Lambda:             6.5e+02                       
Mu:                 1.0e+00                       
Algorithm:          FirstFit                      

+----------+----------+----------+----------+----------+----------+----------+
| progress | arrives  | blocking | time(s)  | Wald CI  | A-C. CI  | Wilson CI|
+----------+----------+----------+----------+----------+----------+----------+
|    5.0%  | 500000   |  1.5e-01 |    1140  |  9.8e-04 |  9.8e-04 |  9.8e-04 |
|   10.0%  |1000000   |  1.5e-01 |    2295  |  6.9e-04 |  6.9e-04 |  6.9e-04 |
|   15.0%  |1500000   |  1.5e-01 |    3422  |  5.7e-04 |  5.7e-04 |  5.7e-04 |
|   20.0%  |2000000   |  1.5e-01 |    4574  |  4.9e-04 |  4.9e-04 |  4.9e-04 |
|   25.0%  |2500000   |  1.5e-01 |    5735  |  4.4e-04 |  4.4e-04 |  4.4e-04 |
|   30.0%  |3000000   |  1.5e-01 |    6874  |  4.0e-04 |  4.0e-04 |  4.0e-04 |
|   35.0%  |3500000   |  1.5e-01 |    8006  |  3.7e-04 |  3.7e-04 |  3.7e-04 |
|   40.0%  |4000000   |  1.5e-01 |    9163  |  3.5e-04 |  3.5e-04 |  3.5e-04 |
|   45.0%  |4500000   |  1.5e-01 |   10296  |  3.3e-04 |  3.3e-04 |  3.3e-04 |
|   50.0%  |5000000   |  1.5e-01 |   11412  |  3.1e-04 |  3.1e-04 |  3.1e-04 |
|   55.0%  |5500000   |  1.5e-01 |   12536  |  3.0e-04 |  3.0e-04 |  3.0e-04 |
|   60.0%  |6000000   |  1.5e-01 |   13663  |  2.8e-04 |  2.8e-04 |  2.8e-04 |
|   65.0%  |6500000   |  1.5e-01 |   14803  |  2.7e-04 |  2.7e-04 |  2.7e-04 |
|   70.0%  |7000000   |  1.5e-01 |   15958  |  2.6e-04 |  2.6e-04 |  2.6e-04 |
|   75.0%  |7500000   |  1.5e-01 |   17084  |  2.5e-04 |  2.5e-04 |  2.5e-04 |
|   80.0%  |8000000   |  1.5e-01 |   18220  |  2.5e-04 |  2.5e-04 |  2.5e-04 |
|   85.0%  |8500000   |  1.5e-01 |   19334  |  2.4e-04 |  2.4e-04 |  2.4e-04 |
|   90.0%  |9000000   |  1.5e-01 |   20452  |  2.3e-04 |  2.3e-04 |  2.3e-04 |
|   95.0%  |9500000   |  1.5e-01 |   21626  |  2.3e-04 |  2.3e-04 |  2.3e-04 |
|  100.0%  |10000000   |  1.5e-01 |   22750  |  2.2e-04 |  2.2e-04 |  2.2e-04 |
Buffer:		    ON
./realloc_times/15_NSFnet_RSA.txt
Nodes:              14                            
Links:              42                            
Goal Connections:   10000000                      
Lambda:             6.8e+02                       
Mu:                 1.0e+00                       
Algorithm:          FirstFit                      

+----------+----------+----------+----------+----------+----------+----------+
| progress | arrives  | blocking | time(s)  | Wald CI  | A-C. CI  | Wilson CI|
+----------+----------+----------+----------+----------+----------+----------+
|    5.0%  | 500000   |  1.5e-01 |    1158  |  9.9e-04 |  9.9e-04 |  9.9e-04 |
|   10.0%  |1000000   |  1.5e-01 |    2301  |  7.0e-04 |  7.0e-04 |  7.0e-04 |
|   15.0%  |1500000   |  1.5e-01 |    3524  |  5.7e-04 |  5.7e-04 |  5.7e-04 |
|   20.0%  |2000000   |  1.5e-01 |    4854  |  5.0e-04 |  5.0e-04 |  5.0e-04 |
|   25.0%  |2500000   |  1.5e-01 |    6056  |  4.4e-04 |  4.4e-04 |  4.4e-04 |
|   30.0%  |3000000   |  1.5e-01 |    7198  |  4.0e-04 |  4.0e-04 |  4.0e-04 |
|   35.0%  |3500000   |  1.5e-01 |    8323  |  3.7e-04 |  3.7e-04 |  3.7e-04 |
|   40.0%  |4000000   |  1.5e-01 |    9294  |  3.5e-04 |  3.5e-04 |  3.5e-04 |
|   45.0%  |4500000   |  1.5e-01 |   10413  |  3.3e-04 |  3.3e-04 |  3.3e-04 |
|   50.0%  |5000000   |  1.5e-01 |   11533  |  3.1e-04 |  3.1e-04 |  3.1e-04 |
|   55.0%  |5500000   |  1.5e-01 |   12668  |  3.0e-04 |  3.0e-04 |  3.0e-04 |
|   60.0%  |6000000   |  1.5e-01 |   13935  |  2.9e-04 |  2.9e-04 |  2.9e-04 |
|   65.0%  |6500000   |  1.5e-01 |   15606  |  2.7e-04 |  2.7e-04 |  2.7e-04 |
|   70.0%  |7000000   |  1.5e-01 |   17353  |  2.6e-04 |  2.6e-04 |  2.6e-04 |
|   75.0%  |7500000   |  1.5e-01 |   19111  |  2.6e-04 |  2.6e-04 |  2.6e-04 |
|   80.0%  |8000000   |  1.5e-01 |   20868  |  2.5e-04 |  2.5e-04 |  2.5e-04 |
|   85.0%  |8500000   |  1.5e-01 |   22643  |  2.4e-04 |  2.4e-04 |  2.4e-04 |
|   90.0%  |9000000   |  1.5e-01 |   24399  |  2.3e-04 |  2.3e-04 |  2.3e-04 |
|   95.0%  |9500000   |  1.5e-01 |   26090  |  2.3e-04 |  2.3e-04 |  2.3e-04 |
|  100.0%  |10000000   |  1.5e-01 |   27643  |  2.2e-04 |  2.2e-04 |  2.2e-04 |
Buffer:		    ON
./realloc_times/16_NSFnet_RSA.txt
Nodes:              14                            
Links:              42                            
Goal Connections:   10000000                      
Lambda:             7.2e+02                       
Mu:                 1.0e+00                       
Algorithm:          FirstFit                      

+----------+----------+----------+----------+----------+----------+----------+
| progress | arrives  | blocking | time(s)  | Wald CI  | A-C. CI  | Wilson CI|
+----------+----------+----------+----------+----------+----------+----------+
|    5.0%  | 500000   |  1.5e-01 |    1584  |  1.0e-03 |  1.0e-03 |  1.0e-03 |
|   10.0%  |1000000   |  1.5e-01 |    2971  |  7.1e-04 |  7.1e-04 |  7.1e-04 |
|   15.0%  |1500000   |  1.5e-01 |    4340  |  5.8e-04 |  5.8e-04 |  5.8e-04 |
|   20.0%  |2000000   |  1.5e-01 |    5699  |  5.0e-04 |  5.0e-04 |  5.0e-04 |
|   25.0%  |2500000   |  1.5e-01 |    7052  |  4.5e-04 |  4.5e-04 |  4.5e-04 |
|   30.0%  |3000000   |  1.5e-01 |    8412  |  4.1e-04 |  4.1e-04 |  4.1e-04 |
|   35.0%  |3500000   |  1.5e-01 |    9783  |  3.8e-04 |  3.8e-04 |  3.8e-04 |
|   40.0%  |4000000   |  1.5e-01 |   11139  |  3.5e-04 |  3.5e-04 |  3.5e-04 |
|   45.0%  |4500000   |  1.5e-01 |   12497  |  3.3e-04 |  3.3e-04 |  3.3e-04 |
|   50.0%  |5000000   |  1.5e-01 |   13834  |  3.2e-04 |  3.2e-04 |  3.2e-04 |
|   55.0%  |5500000   |  1.5e-01 |   15171  |  3.0e-04 |  3.0e-04 |  3.0e-04 |
|   60.0%  |6000000   |  1.5e-01 |   16512  |  2.9e-04 |  2.9e-04 |  2.9e-04 |
|   65.0%  |6500000   |  1.5e-01 |   17861  |  2.8e-04 |  2.8e-04 |  2.8e-04 |
|   70.0%  |7000000   |  1.5e-01 |   19208  |  2.7e-04 |  2.7e-04 |  2.7e-04 |
|   75.0%  |7500000   |  1.5e-01 |   20553  |  2.6e-04 |  2.6e-04 |  2.6e-04 |
|   80.0%  |8000000   |  1.5e-01 |   21910  |  2.5e-04 |  2.5e-04 |  2.5e-04 |
|   85.0%  |8500000   |  1.5e-01 |   23248  |  2.4e-04 |  2.4e-04 |  2.4e-04 |
|   90.0%  |9000000   |  1.5e-01 |   24595  |  2.4e-04 |  2.4e-04 |  2.4e-04 |
|   95.0%  |9500000   |  1.5e-01 |   25940  |  2.3e-04 |  2.3e-04 |  2.3e-04 |
|  100.0%  |10000000   |  1.5e-01 |   27255  |  2.2e-04 |  2.2e-04 |  2.2e-04 |
Buffer:		    ON
./realloc_times/17_NSFnet_RSA.txt
Nodes:              14                            
Links:              42                            
Goal Connections:   10000000                      
Lambda:             7.6e+02                       
Mu:                 1.0e+00                       
Algorithm:          FirstFit                      

+----------+----------+----------+----------+----------+----------+----------+
| progress | arrives  | blocking | time(s)  | Wald CI  | A-C. CI  | Wilson CI|
+----------+----------+----------+----------+----------+----------+----------+
|    5.0%  | 500000   |  1.6e-01 |    1346  |  1.0e-03 |  1.0e-03 |  1.0e-03 |
|   10.0%  |1000000   |  1.6e-01 |    2682  |  7.1e-04 |  7.1e-04 |  7.1e-04 |
|   15.0%  |1500000   |  1.6e-01 |    4032  |  5.8e-04 |  5.8e-04 |  5.8e-04 |
|   20.0%  |2000000   |  1.6e-01 |    5385  |  5.0e-04 |  5.0e-04 |  5.0e-04 |
|   25.0%  |2500000   |  1.6e-01 |    6740  |  4.5e-04 |  4.5e-04 |  4.5e-04 |
|   30.0%  |3000000   |  1.6e-01 |    8070  |  4.1e-04 |  4.1e-04 |  4.1e-04 |
|   35.0%  |3500000   |  1.6e-01 |    9430  |  3.8e-04 |  3.8e-04 |  3.8e-04 |
|   40.0%  |4000000   |  1.6e-01 |   10770  |  3.6e-04 |  3.6e-04 |  3.6e-04 |
|   45.0%  |4500000   |  1.6e-01 |   12118  |  3.4e-04 |  3.4e-04 |  3.4e-04 |
|   50.0%  |5000000   |  1.6e-01 |   13453  |  3.2e-04 |  3.2e-04 |  3.2e-04 |
|   55.0%  |5500000   |  1.6e-01 |   14803  |  3.0e-04 |  3.0e-04 |  3.0e-04 |
|   60.0%  |6000000   |  1.6e-01 |   16141  |  2.9e-04 |  2.9e-04 |  2.9e-04 |
|   65.0%  |6500000   |  1.6e-01 |   17474  |  2.8e-04 |  2.8e-04 |  2.8e-04 |
|   70.0%  |7000000   |  1.6e-01 |   18832  |  2.7e-04 |  2.7e-04 |  2.7e-04 |
|   75.0%  |7500000   |  1.6e-01 |   20167  |  2.6e-04 |  2.6e-04 |  2.6e-04 |
|   80.0%  |8000000   |  1.6e-01 |   21392  |  2.5e-04 |  2.5e-04 |  2.5e-04 |
|   85.0%  |8500000   |  1.6e-01 |   22547  |  2.4e-04 |  2.4e-04 |  2.4e-04 |
|   90.0%  |9000000   |  1.6e-01 |   23489  |  2.4e-04 |  2.4e-04 |  2.4e-04 |
|   95.0%  |9500000   |  1.6e-01 |   24436  |  2.3e-04 |  2.3e-04 |  2.3e-04 |
|  100.0%  |10000000   |  1.6e-01 |   25241  |  2.3e-04 |  2.3e-04 |  2.3e-04 |
Buffer:		    ON
./realloc_times/18_NSFnet_RSA.txt
Nodes:              14                            
Links:              42                            
Goal Connections:   10000000                      
Lambda:             7.9e+02                       
Mu:                 1.0e+00                       
Algorithm:          FirstFit                      

+----------+----------+----------+----------+----------+----------+----------+
| progress | arrives  | blocking | time(s)  | Wald CI  | A-C. CI  | Wilson CI|
+----------+----------+----------+----------+----------+----------+----------+
|    5.0%  | 500000   |  1.6e-01 |     763  |  1.0e-03 |  1.0e-03 |  1.0e-03 |
|   10.0%  |1000000   |  1.6e-01 |    1530  |  7.2e-04 |  7.2e-04 |  7.2e-04 |
|   15.0%  |1500000   |  1.6e-01 |    2289  |  5.9e-04 |  5.9e-04 |  5.9e-04 |
|   20.0%  |2000000   |  1.6e-01 |    3055  |  5.1e-04 |  5.1e-04 |  5.1e-04 |
|   25.0%  |2500000   |  1.6e-01 |    3813  |  4.5e-04 |  4.5e-04 |  4.5e-04 |
|   30.0%  |3000000   |  1.6e-01 |    4571  |  4.1e-04 |  4.1e-04 |  4.1e-04 |
|   35.0%  |3500000   |  1.6e-01 |    5336  |  3.8e-04 |  3.8e-04 |  3.8e-04 |
|   40.0%  |4000000   |  1.6e-01 |    6100  |  3.6e-04 |  3.6e-04 |  3.6e-04 |
|   45.0%  |4500000   |  1.6e-01 |    6859  |  3.4e-04 |  3.4e-04 |  3.4e-04 |
|   50.0%  |5000000   |  1.6e-01 |    7630  |  3.2e-04 |  3.2e-04 |  3.2e-04 |
|   55.0%  |5500000   |  1.6e-01 |    8388  |  3.1e-04 |  3.1e-04 |  3.1e-04 |
|   60.0%  |6000000   |  1.6e-01 |    9158  |  2.9e-04 |  2.9e-04 |  2.9e-04 |
|   65.0%  |6500000   |  1.6e-01 |    9924  |  2.8e-04 |  2.8e-04 |  2.8e-04 |
|   70.0%  |7000000   |  1.6e-01 |   10686  |  2.7e-04 |  2.7e-04 |  2.7e-04 |
|   75.0%  |7500000   |  1.6e-01 |   11443  |  2.6e-04 |  2.6e-04 |  2.6e-04 |
|   80.0%  |8000000   |  1.6e-01 |   12199  |  2.5e-04 |  2.5e-04 |  2.5e-04 |
|   85.0%  |8500000   |  1.6e-01 |   12962  |  2.5e-04 |  2.5e-04 |  2.5e-04 |
|   90.0%  |9000000   |  1.6e-01 |   13725  |  2.4e-04 |  2.4e-04 |  2.4e-04 |
|   95.0%  |9500000   |  1.6e-01 |   14497  |  2.3e-04 |  2.3e-04 |  2.3e-04 |
|  100.0%  |10000000   |  1.6e-01 |   15640  |  2.3e-04 |  2.3e-04 |  2.3e-04 |
Buffer:		    ON
./realloc_times/19_NSFnet_RSA.txt
Nodes:              14                            
Links:              42                            
Goal Connections:   10000000                      
Lambda:             8.3e+02                       
Mu:                 1.0e+00                       
Algorithm:          FirstFit                      

+----------+----------+----------+----------+----------+----------+----------+
| progress | arrives  | blocking | time(s)  | Wald CI  | A-C. CI  | Wilson CI|
+----------+----------+----------+----------+----------+----------+----------+
|    5.0%  | 500000   |  1.6e-01 |     797  |  1.0e-03 |  1.0e-03 |  1.0e-03 |
|   10.0%  |1000000   |  1.6e-01 |    1745  |  7.2e-04 |  7.2e-04 |  7.2e-04 |
|   15.0%  |1500000   |  1.6e-01 |    2672  |  5.9e-04 |  5.9e-04 |  5.9e-04 |
|   20.0%  |2000000   |  1.6e-01 |    3604  |  5.1e-04 |  5.1e-04 |  5.1e-04 |
|   25.0%  |2500000   |  1.6e-01 |    4545  |  4.6e-04 |  4.6e-04 |  4.6e-04 |
|   30.0%  |3000000   |  1.6e-01 |    5478  |  4.2e-04 |  4.2e-04 |  4.2e-04 |
|   35.0%  |3500000   |  1.6e-01 |    6418  |  3.9e-04 |  3.9e-04 |  3.9e-04 |
|   40.0%  |4000000   |  1.6e-01 |    7345  |  3.6e-04 |  3.6e-04 |  3.6e-04 |
|   45.0%  |4500000   |  1.6e-01 |    8285  |  3.4e-04 |  3.4e-04 |  3.4e-04 |
|   50.0%  |5000000   |  1.6e-01 |    9229  |  3.2e-04 |  3.2e-04 |  3.2e-04 |
|   55.0%  |5500000   |  1.6e-01 |   10172  |  3.1e-04 |  3.1e-04 |  3.1e-04 |
|   60.0%  |6000000   |  1.6e-01 |   11117  |  3.0e-04 |  3.0e-04 |  3.0e-04 |
|   65.0%  |6500000   |  1.6e-01 |   12065  |  2.8e-04 |  2.8e-04 |  2.8e-04 |
|   70.0%  |7000000   |  1.6e-01 |   13007  |  2.7e-04 |  2.7e-04 |  2.7e-04 |
|   75.0%  |7500000   |  1.6e-01 |   13948  |  2.6e-04 |  2.6e-04 |  2.6e-04 |
|   80.0%  |8000000   |  1.6e-01 |   14893  |  2.6e-04 |  2.6e-04 |  2.6e-04 |
|   85.0%  |8500000   |  1.6e-01 |   15836  |  2.5e-04 |  2.5e-04 |  2.5e-04 |
|   90.0%  |9000000   |  1.6e-01 |   16775  |  2.4e-04 |  2.4e-04 |  2.4e-04 |
|   95.0%  |9500000   |  1.6e-01 |   17721  |  2.3e-04 |  2.3e-04 |  2.3e-04 |
|  100.0%  |10000000   |  1.6e-01 |   18655  |  2.3e-04 |  2.3e-04 |  2.3e-04 |
Buffer:		    ON
./realloc_times/20_NSFnet_RSA.txt
Nodes:              14                            
Links:              42                            
Goal Connections:   10000000                      
Lambda:             8.6e+02                       
Mu:                 1.0e+00                       
Algorithm:          FirstFit                      

+----------+----------+----------+----------+----------+----------+----------+
| progress | arrives  | blocking | time(s)  | Wald CI  | A-C. CI  | Wilson CI|
+----------+----------+----------+----------+----------+----------+----------+
|    5.0%  | 500000   |  1.7e-01 |     954  |  1.0e-03 |  1.0e-03 |  1.0e-03 |
|   10.0%  |1000000   |  1.7e-01 |    1908  |  7.3e-04 |  7.3e-04 |  7.3e-04 |
|   15.0%  |1500000   |  1.7e-01 |    2852  |  6.0e-04 |  6.0e-04 |  6.0e-04 |
|   20.0%  |2000000   |  1.7e-01 |    3789  |  5.2e-04 |  5.2e-04 |  5.2e-04 |
|   25.0%  |2500000   |  1.7e-01 |    4741  |  4.6e-04 |  4.6e-04 |  4.6e-04 |
|   30.0%  |3000000   |  1.7e-01 |    5686  |  4.2e-04 |  4.2e-04 |  4.2e-04 |
|   35.0%  |3500000   |  1.7e-01 |    6639  |  3.9e-04 |  3.9e-04 |  3.9e-04 |
|   40.0%  |4000000   |  1.7e-01 |    7588  |  3.6e-04 |  3.6e-04 |  3.6e-04 |
|   45.0%  |4500000   |  1.7e-01 |    8536  |  3.4e-04 |  3.4e-04 |  3.4e-04 |
|   50.0%  |5000000   |  1.7e-01 |    9484  |  3.3e-04 |  3.3e-04 |  3.3e-04 |
|   55.0%  |5500000   |  1.7e-01 |   10432  |  3.1e-04 |  3.1e-04 |  3.1e-04 |
|   60.0%  |6000000   |  1.7e-01 |   11374  |  3.0e-04 |  3.0e-04 |  3.0e-04 |
|   65.0%  |6500000   |  1.7e-01 |   12322  |  2.9e-04 |  2.9e-04 |  2.9e-04 |
|   70.0%  |7000000   |  1.7e-01 |   13273  |  2.8e-04 |  2.8e-04 |  2.8e-04 |
|   75.0%  |7500000   |  1.7e-01 |   14219  |  2.7e-04 |  2.7e-04 |  2.7e-04 |
|   80.0%  |8000000   |  1.7e-01 |   15181  |  2.6e-04 |  2.6e-04 |  2.6e-04 |
|   85.0%  |8500000   |  1.7e-01 |   16136  |  2.5e-04 |  2.5e-04 |  2.5e-04 |
|   90.0%  |9000000   |  1.7e-01 |   17082  |  2.4e-04 |  2.4e-04 |  2.4e-04 |
|   95.0%  |9500000   |  1.7e-01 |   18020  |  2.4e-04 |  2.4e-04 |  2.4e-04 |
|  100.0%  |10000000   |  1.7e-01 |   18963  |  2.3e-04 |  2.3e-04 |  2.3e-04 |
Buffer:		    ON
./realloc_times/21_NSFnet_RSA.txt
Nodes:              14                            
Links:              42                            
Goal Connections:   10000000                      
Lambda:             9.0e+02                       
Mu:                 1.0e+00                       
Algorithm:          FirstFit                      

+----------+----------+----------+----------+----------+----------+----------+
| progress | arrives  | blocking | time(s)  | Wald CI  | A-C. CI  | Wilson CI|
+----------+----------+----------+----------+----------+----------+----------+
|    5.0%  | 500000   |  1.7e-01 |     946  |  1.0e-03 |  1.0e-03 |  1.0e-03 |
|   10.0%  |1000000   |  1.7e-01 |    1896  |  7.4e-04 |  7.4e-04 |  7.4e-04 |
|   15.0%  |1500000   |  1.7e-01 |    2847  |  6.0e-04 |  6.0e-04 |  6.0e-04 |
|   20.0%  |2000000   |  1.7e-01 |    3798  |  5.2e-04 |  5.2e-04 |  5.2e-04 |
|   25.0%  |2500000   |  1.7e-01 |    4740  |  4.7e-04 |  4.7e-04 |  4.7e-04 |
|   30.0%  |3000000   |  1.7e-01 |    5700  |  4.2e-04 |  4.2e-04 |  4.2e-04 |
|   35.0%  |3500000   |  1.7e-01 |    6651  |  3.9e-04 |  3.9e-04 |  3.9e-04 |
|   40.0%  |4000000   |  1.7e-01 |    7587  |  3.7e-04 |  3.7e-04 |  3.7e-04 |
|   45.0%  |4500000   |  1.7e-01 |    8536  |  3.5e-04 |  3.5e-04 |  3.5e-04 |
|   50.0%  |5000000   |  1.7e-01 |    9491  |  3.3e-04 |  3.3e-04 |  3.3e-04 |
|   55.0%  |5500000   |  1.7e-01 |   10433  |  3.1e-04 |  3.1e-04 |  3.1e-04 |
|   60.0%  |6000000   |  1.7e-01 |   11365  |  3.0e-04 |  3.0e-04 |  3.0e-04 |
|   65.0%  |6500000   |  1.7e-01 |   12306  |  2.9e-04 |  2.9e-04 |  2.9e-04 |
|   70.0%  |7000000   |  1.7e-01 |   13257  |  2.8e-04 |  2.8e-04 |  2.8e-04 |
|   75.0%  |7500000   |  1.7e-01 |   14198  |  2.7e-04 |  2.7e-04 |  2.7e-04 |
|   80.0%  |8000000   |  1.7e-01 |   15134  |  2.6e-04 |  2.6e-04 |  2.6e-04 |
|   85.0%  |8500000   |  1.7e-01 |   16090  |  2.5e-04 |  2.5e-04 |  2.5e-04 |
|   90.0%  |9000000   |  1.7e-01 |   17038  |  2.5e-04 |  2.5e-04 |  2.5e-04 |
|   95.0%  |9500000   |  1.7e-01 |   17846  |  2.4e-04 |  2.4e-04 |  2.4e-04 |
|  100.0%  |10000000   |  1.7e-01 |   18606  |  2.3e-04 |  2.3e-04 |  2.3e-04 |
Buffer:		    ON
Nodes:              11                            
Links:              52                            
Goal Connections:   10000000                      
Lambda:             1.8e+02                       
Mu:                 1.0e+00                       
Algorithm:          FirstFit                      

+----------+----------+----------+----------+----------+----------+----------+
| progress | arrives  | blocking | time(s)  | Wald CI  | A-C. CI  | Wilson CI|
+----------+----------+----------+----------+----------+----------+----------+
|    5.0%  | 500000   |  4.2e-04 |     115  |  5.7e-05 |  5.7e-05 |  5.7e-05 |
|   10.0%  |1000000   |  5.3e-04 |     231  |  4.5e-05 |  4.5e-05 |  4.5e-05 |
|   15.0%  |1500000   |  5.3e-04 |     347  |  3.7e-05 |  3.7e-05 |  3.7e-05 |
|   20.0%  |2000000   |  5.2e-04 |     463  |  3.2e-05 |  3.2e-05 |  3.2e-05 |
|   25.0%  |2500000   |  4.9e-04 |     578  |  2.7e-05 |  2.7e-05 |  2.7e-05 |
|   30.0%  |3000000   |  5.0e-04 |     694  |  2.5e-05 |  2.5e-05 |  2.5e-05 |
|   35.0%  |3500000   |  4.9e-04 |     809  |  2.3e-05 |  2.3e-05 |  2.3e-05 |
|   40.0%  |4000000   |  4.9e-04 |     925  |  2.2e-05 |  2.2e-05 |  2.2e-05 |
|   45.0%  |4500000   |  4.8e-04 |    1040  |  2.0e-05 |  2.0e-05 |  2.0e-05 |
|   50.0%  |5000000   |  4.8e-04 |    1156  |  1.9e-05 |  1.9e-05 |  1.9e-05 |
|   55.0%  |5500000   |  4.7e-04 |    1271  |  1.8e-05 |  1.8e-05 |  1.8e-05 |
|   60.0%  |6000000   |  4.8e-04 |    1387  |  1.7e-05 |  1.7e-05 |  1.7e-05 |
|   65.0%  |6500000   |  4.7e-04 |    1502  |  1.7e-05 |  1.7e-05 |  1.7e-05 |
|   70.0%  |7000000   |  4.9e-04 |    1618  |  1.6e-05 |  1.6e-05 |  1.6e-05 |
|   75.0%  |7500000   |  4.9e-04 |    1734  |  1.6e-05 |  1.6e-05 |  1.6e-05 |
|   80.0%  |8000000   |  4.8e-04 |    1850  |  1.5e-05 |  1.5e-05 |  1.5e-05 |
|   85.0%  |8500000   |  4.8e-04 |    1965  |  1.5e-05 |  1.5e-05 |  1.5e-05 |
|   90.0%  |9000000   |  4.8e-04 |    2081  |  1.4e-05 |  1.4e-05 |  1.4e-05 |
|   95.0%  |9500000   |  4.8e-04 |    2196  |  1.4e-05 |  1.4e-05 |  1.4e-05 |
|  100.0%  |10000000   |  4.8e-04 |    2312  |  1.4e-05 |  1.4e-05 |  1.4e-05 |

No elements in buffer! :P
Buffer:		    ON
Nodes:              11                            
Links:              52                            
Goal Connections:   10000000                      
Lambda:             2.2e+02                       
Mu:                 1.0e+00                       
Algorithm:          FirstFit                      

+----------+----------+----------+----------+----------+----------+----------+
| progress | arrives  | blocking | time(s)  | Wald CI  | A-C. CI  | Wilson CI|
+----------+----------+----------+----------+----------+----------+----------+
|    5.0%  | 500000   |  2.6e-03 |     125  |  1.4e-04 |  1.4e-04 |  1.4e-04 |
|   10.0%  |1000000   |  2.8e-03 |     251  |  1.0e-04 |  1.0e-04 |  1.0e-04 |
|   15.0%  |1500000   |  2.8e-03 |     377  |  8.5e-05 |  8.5e-05 |  8.5e-05 |
|   20.0%  |2000000   |  2.8e-03 |     502  |  7.4e-05 |  7.4e-05 |  7.4e-05 |
|   25.0%  |2500000   |  2.7e-03 |     627  |  6.4e-05 |  6.4e-05 |  6.4e-05 |
|   30.0%  |3000000   |  2.7e-03 |     752  |  5.9e-05 |  5.9e-05 |  5.9e-05 |
|   35.0%  |3500000   |  2.7e-03 |     876  |  5.4e-05 |  5.4e-05 |  5.4e-05 |
|   40.0%  |4000000   |  2.7e-03 |    1002  |  5.0e-05 |  5.0e-05 |  5.0e-05 |
|   45.0%  |4500000   |  2.7e-03 |    1127  |  4.8e-05 |  4.8e-05 |  4.8e-05 |
|   50.0%  |5000000   |  2.7e-03 |    1252  |  4.5e-05 |  4.5e-05 |  4.5e-05 |
|   55.0%  |5500000   |  2.7e-03 |    1378  |  4.3e-05 |  4.3e-05 |  4.3e-05 |
|   60.0%  |6000000   |  2.7e-03 |    1503  |  4.1e-05 |  4.1e-05 |  4.1e-05 |
|   65.0%  |6500000   |  2.7e-03 |    1628  |  4.0e-05 |  4.0e-05 |  4.0e-05 |
|   70.0%  |7000000   |  2.7e-03 |    1754  |  3.9e-05 |  3.9e-05 |  3.9e-05 |
|   75.0%  |7500000   |  2.7e-03 |    1880  |  3.7e-05 |  3.7e-05 |  3.7e-05 |
|   80.0%  |8000000   |  2.7e-03 |    2005  |  3.6e-05 |  3.6e-05 |  3.6e-05 |
|   85.0%  |8500000   |  2.7e-03 |    2129  |  3.5e-05 |  3.5e-05 |  3.5e-05 |
|   90.0%  |9000000   |  2.7e-03 |    2255  |  3.4e-05 |  3.4e-05 |  3.4e-05 |
|   95.0%  |9500000   |  2.7e-03 |    2380  |  3.3e-05 |  3.3e-05 |  3.3e-05 |
|  100.0%  |10000000   |  2.7e-03 |    2505  |  3.2e-05 |  3.2e-05 |  3.2e-05 |

No elements in buffer! :P
Buffer:		    ON
Nodes:              11                            
Links:              52                            
Goal Connections:   10000000                      
Lambda:             2.5e+02                       
Mu:                 1.0e+00                       
Algorithm:          FirstFit                      

+----------+----------+----------+----------+----------+----------+----------+
| progress | arrives  | blocking | time(s)  | Wald CI  | A-C. CI  | Wilson CI|
+----------+----------+----------+----------+----------+----------+----------+
|    5.0%  | 500000   |  9.2e-03 |     147  |  2.7e-04 |  2.7e-04 |  2.7e-04 |
|   10.0%  |1000000   |  9.7e-03 |     296  |  1.9e-04 |  1.9e-04 |  1.9e-04 |
|   15.0%  |1500000   |  9.6e-03 |     444  |  1.6e-04 |  1.6e-04 |  1.6e-04 |
|   20.0%  |2000000   |  9.5e-03 |     591  |  1.3e-04 |  1.3e-04 |  1.3e-04 |
|   25.0%  |2500000   |  9.3e-03 |     736  |  1.2e-04 |  1.2e-04 |  1.2e-04 |
|   30.0%  |3000000   |  9.4e-03 |     885  |  1.1e-04 |  1.1e-04 |  1.1e-04 |
|   35.0%  |3500000   |  9.3e-03 |    1031  |  1.0e-04 |  1.0e-04 |  1.0e-04 |
|   40.0%  |4000000   |  9.2e-03 |    1177  |  9.4e-05 |  9.4e-05 |  9.4e-05 |
|   45.0%  |4500000   |  9.2e-03 |    1323  |  8.8e-05 |  8.8e-05 |  8.8e-05 |
|   50.0%  |5000000   |  9.1e-03 |    1468  |  8.3e-05 |  8.3e-05 |  8.3e-05 |
|   55.0%  |5500000   |  9.2e-03 |    1615  |  8.0e-05 |  8.0e-05 |  8.0e-05 |
|   60.0%  |6000000   |  9.2e-03 |    1764  |  7.6e-05 |  7.6e-05 |  7.6e-05 |
|   65.0%  |6500000   |  9.2e-03 |    1910  |  7.3e-05 |  7.3e-05 |  7.3e-05 |
|   70.0%  |7000000   |  9.2e-03 |    2059  |  7.1e-05 |  7.1e-05 |  7.1e-05 |
|   75.0%  |7500000   |  9.2e-03 |    2204  |  6.8e-05 |  6.8e-05 |  6.8e-05 |
|   80.0%  |8000000   |  9.1e-03 |    2348  |  6.6e-05 |  6.6e-05 |  6.6e-05 |
|   85.0%  |8500000   |  9.1e-03 |    2493  |  6.4e-05 |  6.4e-05 |  6.4e-05 |
|   90.0%  |9000000   |  9.0e-03 |    2637  |  6.2e-05 |  6.2e-05 |  6.2e-05 |
|   95.0%  |9500000   |  9.1e-03 |    2784  |  6.0e-05 |  6.0e-05 |  6.0e-05 |
|  100.0%  |10000000   |  9.1e-03 |    2932  |  5.9e-05 |  5.9e-05 |  5.9e-05 |

No elements in buffer! :P
Buffer:		    ON
Nodes:              11                            
Links:              52                            
Goal Connections:   10000000                      
Lambda:             2.9e+02                       
Mu:                 1.0e+00                       
Algorithm:          FirstFit                      

+----------+----------+----------+----------+----------+----------+----------+
| progress | arrives  | blocking | time(s)  | Wald CI  | A-C. CI  | Wilson CI|
+----------+----------+----------+----------+----------+----------+----------+
|    5.0%  | 500000   |  2.3e-02 |     191  |  4.1e-04 |  4.1e-04 |  4.1e-04 |
|   10.0%  |1000000   |  2.3e-02 |     381  |  2.9e-04 |  2.9e-04 |  2.9e-04 |
|   15.0%  |1500000   |  2.3e-02 |     573  |  2.4e-04 |  2.4e-04 |  2.4e-04 |
|   20.0%  |2000000   |  2.3e-02 |     762  |  2.1e-04 |  2.1e-04 |  2.1e-04 |
|   25.0%  |2500000   |  2.2e-02 |     947  |  1.8e-04 |  1.8e-04 |  1.8e-04 |
|   30.0%  |3000000   |  2.2e-02 |    1132  |  1.7e-04 |  1.7e-04 |  1.7e-04 |
|   35.0%  |3500000   |  2.2e-02 |    1319  |  1.5e-04 |  1.5e-04 |  1.5e-04 |
|   40.0%  |4000000   |  2.2e-02 |    1507  |  1.4e-04 |  1.4e-04 |  1.4e-04 |
|   45.0%  |4500000   |  2.2e-02 |    1697  |  1.4e-04 |  1.4e-04 |  1.4e-04 |
|   50.0%  |5000000   |  2.2e-02 |    1883  |  1.3e-04 |  1.3e-04 |  1.3e-04 |
|   55.0%  |5500000   |  2.2e-02 |    2072  |  1.2e-04 |  1.2e-04 |  1.2e-04 |
|   60.0%  |6000000   |  2.2e-02 |    2261  |  1.2e-04 |  1.2e-04 |  1.2e-04 |
|   65.0%  |6500000   |  2.2e-02 |    2448  |  1.1e-04 |  1.1e-04 |  1.1e-04 |
|   70.0%  |7000000   |  2.2e-02 |    2643  |  1.1e-04 |  1.1e-04 |  1.1e-04 |
|   75.0%  |7500000   |  2.2e-02 |    2829  |  1.0e-04 |  1.0e-04 |  1.0e-04 |
|   80.0%  |8000000   |  2.2e-02 |    3014  |  1.0e-04 |  1.0e-04 |  1.0e-04 |
|   85.0%  |8500000   |  2.2e-02 |    3199  |  9.8e-05 |  9.8e-05 |  9.8e-05 |
|   90.0%  |9000000   |  2.2e-02 |    3383  |  9.5e-05 |  9.5e-05 |  9.5e-05 |
|   95.0%  |9500000   |  2.2e-02 |    3571  |  9.3e-05 |  9.3e-05 |  9.3e-05 |
|  100.0%  |10000000   |  2.2e-02 |    3757  |  9.0e-05 |  9.0e-05 |  9.0e-05 |

No elements in buffer! :P
Buffer:		    ON
Nodes:              11                            
Links:              52                            
Goal Connections:   10000000                      
Lambda:             3.2e+02                       
Mu:                 1.0e+00                       
Algorithm:          FirstFit                      

+----------+----------+----------+----------+----------+----------+----------+
| progress | arrives  | blocking | time(s)  | Wald CI  | A-C. CI  | Wilson CI|
+----------+----------+----------+----------+----------+----------+----------+
|    5.0%  | 500000   |  4.0e-02 |     246  |  5.5e-04 |  5.5e-04 |  5.5e-04 |
|   10.0%  |1000000   |  4.1e-02 |     492  |  3.9e-04 |  3.9e-04 |  3.9e-04 |
|   15.0%  |1500000   |  4.1e-02 |     739  |  3.2e-04 |  3.2e-04 |  3.2e-04 |
|   20.0%  |2000000   |  4.0e-02 |     977  |  2.7e-04 |  2.7e-04 |  2.7e-04 |
|   25.0%  |2500000   |  4.0e-02 |    1218  |  2.4e-04 |  2.4e-04 |  2.4e-04 |
|   30.0%  |3000000   |  3.9e-02 |    1455  |  2.2e-04 |  2.2e-04 |  2.2e-04 |
|   35.0%  |3500000   |  3.9e-02 |    1697  |  2.0e-04 |  2.0e-04 |  2.0e-04 |
|   40.0%  |4000000   |  3.9e-02 |    1937  |  1.9e-04 |  1.9e-04 |  1.9e-04 |
|   45.0%  |4500000   |  3.9e-02 |    2178  |  1.8e-04 |  1.8e-04 |  1.8e-04 |
|   50.0%  |5000000   |  3.9e-02 |    2416  |  1.7e-04 |  1.7e-04 |  1.7e-04 |
|   55.0%  |5500000   |  3.9e-02 |    2662  |  1.6e-04 |  1.6e-04 |  1.6e-04 |
|   60.0%  |6000000   |  3.9e-02 |    2909  |  1.6e-04 |  1.6e-04 |  1.6e-04 |
|   65.0%  |6500000   |  3.9e-02 |    3152  |  1.5e-04 |  1.5e-04 |  1.5e-04 |
|   70.0%  |7000000   |  3.9e-02 |    3396  |  1.4e-04 |  1.4e-04 |  1.4e-04 |
|   75.0%  |7500000   |  3.9e-02 |    3639  |  1.4e-04 |  1.4e-04 |  1.4e-04 |
|   80.0%  |8000000   |  3.9e-02 |    3877  |  1.3e-04 |  1.3e-04 |  1.3e-04 |
|   85.0%  |8500000   |  3.9e-02 |    4116  |  1.3e-04 |  1.3e-04 |  1.3e-04 |
|   90.0%  |9000000   |  3.9e-02 |    4352  |  1.3e-04 |  1.3e-04 |  1.3e-04 |
|   95.0%  |9500000   |  3.9e-02 |    4598  |  1.2e-04 |  1.2e-04 |  1.2e-04 |
|  100.0%  |10000000   |  3.9e-02 |    4844  |  1.2e-04 |  1.2e-04 |  1.2e-04 |
Buffer:		    ON
Nodes:              11                            
Links:              52                            
Goal Connections:   10000000                      
Lambda:             3.6e+02                       
Mu:                 1.0e+00                       
Algorithm:          FirstFit                      

+----------+----------+----------+----------+----------+----------+----------+
| progress | arrives  | blocking | time(s)  | Wald CI  | A-C. CI  | Wilson CI|
+----------+----------+----------+----------+----------+----------+----------+
|    5.0%  | 500000   |  4.8e-02 |     259  |  5.9e-04 |  5.9e-04 |  5.9e-04 |
|   10.0%  |1000000   |  4.8e-02 |     519  |  4.2e-04 |  4.2e-04 |  4.2e-04 |
|   15.0%  |1500000   |  4.8e-02 |     779  |  3.4e-04 |  3.4e-04 |  3.4e-04 |
|   20.0%  |2000000   |  4.8e-02 |    1040  |  3.0e-04 |  3.0e-04 |  3.0e-04 |
|   25.0%  |2500000   |  4.7e-02 |    1300  |  2.6e-04 |  2.6e-04 |  2.6e-04 |
|   30.0%  |3000000   |  4.7e-02 |    1559  |  2.4e-04 |  2.4e-04 |  2.4e-04 |
|   35.0%  |3500000   |  4.7e-02 |    1819  |  2.2e-04 |  2.2e-04 |  2.2e-04 |
|   40.0%  |4000000   |  4.7e-02 |    2079  |  2.1e-04 |  2.1e-04 |  2.1e-04 |
|   45.0%  |4500000   |  4.7e-02 |    2339  |  2.0e-04 |  2.0e-04 |  2.0e-04 |
|   50.0%  |5000000   |  4.7e-02 |    2600  |  1.9e-04 |  1.9e-04 |  1.9e-04 |
|   55.0%  |5500000   |  4.7e-02 |    2860  |  1.8e-04 |  1.8e-04 |  1.8e-04 |
|   60.0%  |6000000   |  4.7e-02 |    3121  |  1.7e-04 |  1.7e-04 |  1.7e-04 |
|   65.0%  |6500000   |  4.7e-02 |    3381  |  1.6e-04 |  1.6e-04 |  1.6e-04 |
|   70.0%  |7000000   |  4.7e-02 |    3642  |  1.6e-04 |  1.6e-04 |  1.6e-04 |
|   75.0%  |7500000   |  4.7e-02 |    3902  |  1.5e-04 |  1.5e-04 |  1.5e-04 |
|   80.0%  |8000000   |  4.7e-02 |    4163  |  1.5e-04 |  1.5e-04 |  1.5e-04 |
|   85.0%  |8500000   |  4.7e-02 |    4424  |  1.4e-04 |  1.4e-04 |  1.4e-04 |
|   90.0%  |9000000   |  4.7e-02 |    4685  |  1.4e-04 |  1.4e-04 |  1.4e-04 |
|   95.0%  |9500000   |  4.7e-02 |    4945  |  1.4e-04 |  1.4e-04 |  1.4e-04 |
|  100.0%  |10000000   |  4.7e-02 |    5206  |  1.3e-04 |  1.3e-04 |  1.3e-04 |
Buffer:		    ON
Nodes:              11                            
Links:              52                            
Goal Connections:   10000000                      
Lambda:             4.0e+02                       
Mu:                 1.0e+00                       
Algorithm:          FirstFit                      

+----------+----------+----------+----------+----------+----------+----------+
| progress | arrives  | blocking | time(s)  | Wald CI  | A-C. CI  | Wilson CI|
+----------+----------+----------+----------+----------+----------+----------+
|    5.0%  | 500000   |  5.2e-02 |     264  |  6.1e-04 |  6.1e-04 |  6.1e-04 |
|   10.0%  |1000000   |  5.2e-02 |     529  |  4.3e-04 |  4.3e-04 |  4.3e-04 |
|   15.0%  |1500000   |  5.2e-02 |     794  |  3.5e-04 |  3.5e-04 |  3.5e-04 |
|   20.0%  |2000000   |  5.2e-02 |    1059  |  3.1e-04 |  3.1e-04 |  3.1e-04 |
|   25.0%  |2500000   |  5.2e-02 |    1323  |  2.7e-04 |  2.7e-04 |  2.7e-04 |
|   30.0%  |3000000   |  5.2e-02 |    1588  |  2.5e-04 |  2.5e-04 |  2.5e-04 |
|   35.0%  |3500000   |  5.2e-02 |    1854  |  2.3e-04 |  2.3e-04 |  2.3e-04 |
|   40.0%  |4000000   |  5.2e-02 |    2118  |  2.2e-04 |  2.2e-04 |  2.2e-04 |
|   45.0%  |4500000   |  5.2e-02 |    2382  |  2.0e-04 |  2.0e-04 |  2.0e-04 |
|   50.0%  |5000000   |  5.2e-02 |    2648  |  1.9e-04 |  1.9e-04 |  1.9e-04 |
|   55.0%  |5500000   |  5.2e-02 |    2913  |  1.9e-04 |  1.9e-04 |  1.9e-04 |
|   60.0%  |6000000   |  5.2e-02 |    3178  |  1.8e-04 |  1.8e-04 |  1.8e-04 |
|   65.0%  |6500000   |  5.2e-02 |    3444  |  1.7e-04 |  1.7e-04 |  1.7e-04 |
|   70.0%  |7000000   |  5.2e-02 |    3708  |  1.6e-04 |  1.6e-04 |  1.6e-04 |
|   75.0%  |7500000   |  5.2e-02 |    3973  |  1.6e-04 |  1.6e-04 |  1.6e-04 |
|   80.0%  |8000000   |  5.2e-02 |    4239  |  1.5e-04 |  1.5e-04 |  1.5e-04 |
|   85.0%  |8500000   |  5.2e-02 |    4504  |  1.5e-04 |  1.5e-04 |  1.5e-04 |
|   90.0%  |9000000   |  5.2e-02 |    4769  |  1.4e-04 |  1.4e-04 |  1.4e-04 |
|   95.0%  |9500000   |  5.2e-02 |    5034  |  1.4e-04 |  1.4e-04 |  1.4e-04 |
|  100.0%  |10000000   |  5.2e-02 |    5299  |  1.4e-04 |  1.4e-04 |  1.4e-04 |
Buffer:		    ON
Nodes:              11                            
Links:              52                            
Goal Connections:   10000000                      
Lambda:             4.3e+02                       
Mu:                 1.0e+00                       
Algorithm:          FirstFit                      

+----------+----------+----------+----------+----------+----------+----------+
| progress | arrives  | blocking | time(s)  | Wald CI  | A-C. CI  | Wilson CI|
+----------+----------+----------+----------+----------+----------+----------+
|    5.0%  | 500000   |  5.6e-02 |     269  |  6.4e-04 |  6.4e-04 |  6.4e-04 |
|   10.0%  |1000000   |  5.6e-02 |     538  |  4.5e-04 |  4.5e-04 |  4.5e-04 |
|   15.0%  |1500000   |  5.6e-02 |     808  |  3.7e-04 |  3.7e-04 |  3.7e-04 |
|   20.0%  |2000000   |  5.6e-02 |    1078  |  3.2e-04 |  3.2e-04 |  3.2e-04 |
|   25.0%  |2500000   |  5.6e-02 |    1347  |  2.9e-04 |  2.9e-04 |  2.9e-04 |
|   30.0%  |3000000   |  5.6e-02 |    1616  |  2.6e-04 |  2.6e-04 |  2.6e-04 |
|   35.0%  |3500000   |  5.6e-02 |    1885  |  2.4e-04 |  2.4e-04 |  2.4e-04 |
|   40.0%  |4000000   |  5.6e-02 |    2155  |  2.3e-04 |  2.3e-04 |  2.3e-04 |
|   45.0%  |4500000   |  5.6e-02 |    2424  |  2.1e-04 |  2.1e-04 |  2.1e-04 |
|   50.0%  |5000000   |  5.6e-02 |    2692  |  2.0e-04 |  2.0e-04 |  2.0e-04 |
|   55.0%  |5500000   |  5.6e-02 |    2961  |  1.9e-04 |  1.9e-04 |  1.9e-04 |
|   60.0%  |6000000   |  5.6e-02 |    3230  |  1.8e-04 |  1.8e-04 |  1.8e-04 |
|   65.0%  |6500000   |  5.6e-02 |    3500  |  1.8e-04 |  1.8e-04 |  1.8e-04 |
|   70.0%  |7000000   |  5.6e-02 |    3769  |  1.7e-04 |  1.7e-04 |  1.7e-04 |
|   75.0%  |7500000   |  5.6e-02 |    4039  |  1.6e-04 |  1.6e-04 |  1.6e-04 |
|   80.0%  |8000000   |  5.6e-02 |    4308  |  1.6e-04 |  1.6e-04 |  1.6e-04 |
|   85.0%  |8500000   |  5.6e-02 |    4578  |  1.5e-04 |  1.5e-04 |  1.5e-04 |
|   90.0%  |9000000   |  5.6e-02 |    4848  |  1.5e-04 |  1.5e-04 |  1.5e-04 |
|   95.0%  |9500000   |  5.6e-02 |    5118  |  1.5e-04 |  1.5e-04 |  1.5e-04 |
|  100.0%  |10000000   |  5.6e-02 |    5387  |  1.4e-04 |  1.4e-04 |  1.4e-04 |
Buffer:		    ON
Nodes:              11                            
Links:              52                            
Goal Connections:   10000000                      
Lambda:             4.7e+02                       
Mu:                 1.0e+00                       
Algorithm:          FirstFit                      

+----------+----------+----------+----------+----------+----------+----------+
| progress | arrives  | blocking | time(s)  | Wald CI  | A-C. CI  | Wilson CI|
+----------+----------+----------+----------+----------+----------+----------+
|    5.0%  | 500000   |  6.1e-02 |     274  |  6.6e-04 |  6.6e-04 |  6.6e-04 |
|   10.0%  |1000000   |  6.1e-02 |     547  |  4.7e-04 |  4.7e-04 |  4.7e-04 |
|   15.0%  |1500000   |  6.1e-02 |     820  |  3.8e-04 |  3.8e-04 |  3.8e-04 |
|   20.0%  |2000000   |  6.0e-02 |    1094  |  3.3e-04 |  3.3e-04 |  3.3e-04 |
|   25.0%  |2500000   |  6.0e-02 |    1367  |  3.0e-04 |  3.0e-04 |  3.0e-04 |
|   30.0%  |3000000   |  6.0e-02 |    1640  |  2.7e-04 |  2.7e-04 |  2.7e-04 |
|   35.0%  |3500000   |  6.0e-02 |    1914  |  2.5e-04 |  2.5e-04 |  2.5e-04 |
|   40.0%  |4000000   |  6.0e-02 |    2187  |  2.3e-04 |  2.3e-04 |  2.3e-04 |
|   45.0%  |4500000   |  6.0e-02 |    2460  |  2.2e-04 |  2.2e-04 |  2.2e-04 |
|   50.0%  |5000000   |  6.0e-02 |    2734  |  2.1e-04 |  2.1e-04 |  2.1e-04 |
|   55.0%  |5500000   |  6.0e-02 |    3006  |  2.0e-04 |  2.0e-04 |  2.0e-04 |
|   60.0%  |6000000   |  6.0e-02 |    3278  |  1.9e-04 |  1.9e-04 |  1.9e-04 |
|   65.0%  |6500000   |  6.0e-02 |    3552  |  1.8e-04 |  1.8e-04 |  1.8e-04 |
|   70.0%  |7000000   |  6.0e-02 |    3825  |  1.8e-04 |  1.8e-04 |  1.8e-04 |
|   75.0%  |7500000   |  6.0e-02 |    4098  |  1.7e-04 |  1.7e-04 |  1.7e-04 |
|   80.0%  |8000000   |  6.0e-02 |    4371  |  1.7e-04 |  1.7e-04 |  1.7e-04 |
|   85.0%  |8500000   |  6.0e-02 |    4644  |  1.6e-04 |  1.6e-04 |  1.6e-04 |
|   90.0%  |9000000   |  6.0e-02 |    4918  |  1.6e-04 |  1.6e-04 |  1.6e-04 |
|   95.0%  |9500000   |  6.0e-02 |    5190  |  1.5e-04 |  1.5e-04 |  1.5e-04 |
|  100.0%  |10000000   |  6.0e-02 |    5463  |  1.5e-04 |  1.5e-04 |  1.5e-04 |
Buffer:		    ON
Nodes:              11                            
Links:              52                            
Goal Connections:   10000000                      
Lambda:             5.0e+02                       
Mu:                 1.0e+00                       
Algorithm:          FirstFit                      

+----------+----------+----------+----------+----------+----------+----------+
| progress | arrives  | blocking | time(s)  | Wald CI  | A-C. CI  | Wilson CI|
+----------+----------+----------+----------+----------+----------+----------+
|    5.0%  | 500000   |  6.5e-02 |     277  |  6.8e-04 |  6.8e-04 |  6.8e-04 |
|   10.0%  |1000000   |  6.5e-02 |     554  |  4.8e-04 |  4.8e-04 |  4.8e-04 |
|   15.0%  |1500000   |  6.5e-02 |     830  |  3.9e-04 |  3.9e-04 |  3.9e-04 |
|   20.0%  |2000000   |  6.5e-02 |    1107  |  3.4e-04 |  3.4e-04 |  3.4e-04 |
|   25.0%  |2500000   |  6.5e-02 |    1384  |  3.1e-04 |  3.1e-04 |  3.1e-04 |
|   30.0%  |3000000   |  6.5e-02 |    1660  |  2.8e-04 |  2.8e-04 |  2.8e-04 |
|   35.0%  |3500000   |  6.5e-02 |    1936  |  2.6e-04 |  2.6e-04 |  2.6e-04 |
|   40.0%  |4000000   |  6.5e-02 |    2213  |  2.4e-04 |  2.4e-04 |  2.4e-04 |
|   45.0%  |4500000   |  6.5e-02 |    2489  |  2.3e-04 |  2.3e-04 |  2.3e-04 |
|   50.0%  |5000000   |  6.5e-02 |    2766  |  2.2e-04 |  2.2e-04 |  2.2e-04 |
|   55.0%  |5500000   |  6.5e-02 |    3043  |  2.1e-04 |  2.1e-04 |  2.1e-04 |
|   60.0%  |6000000   |  6.5e-02 |    3319  |  2.0e-04 |  2.0e-04 |  2.0e-04 |
|   65.0%  |6500000   |  6.5e-02 |    3596  |  1.9e-04 |  1.9e-04 |  1.9e-04 |
|   70.0%  |7000000   |  6.5e-02 |    3873  |  1.8e-04 |  1.8e-04 |  1.8e-04 |
|   75.0%  |7500000   |  6.5e-02 |    4150  |  1.8e-04 |  1.8e-04 |  1.8e-04 |
|   80.0%  |8000000   |  6.5e-02 |    4426  |  1.7e-04 |  1.7e-04 |  1.7e-04 |
|   85.0%  |8500000   |  6.5e-02 |    4703  |  1.7e-04 |  1.7e-04 |  1.7e-04 |
|   90.0%  |9000000   |  6.5e-02 |    4980  |  1.6e-04 |  1.6e-04 |  1.6e-04 |
|   95.0%  |9500000   |  6.5e-02 |    5257  |  1.6e-04 |  1.6e-04 |  1.6e-04 |
|  100.0%  |10000000   |  6.5e-02 |    5534  |  1.5e-04 |  1.5e-04 |  1.5e-04 |
Buffer:		    ON
Nodes:              11                            
Links:              52                            
Goal Connections:   10000000                      
Lambda:             5.4e+02                       
Mu:                 1.0e+00                       
Algorithm:          FirstFit                      

+----------+----------+----------+----------+----------+----------+----------+
| progress | arrives  | blocking | time(s)  | Wald CI  | A-C. CI  | Wilson CI|
+----------+----------+----------+----------+----------+----------+----------+
|    5.0%  | 500000   |  7.0e-02 |     280  |  7.1e-04 |  7.1e-04 |  7.1e-04 |
|   10.0%  |1000000   |  6.9e-02 |     560  |  5.0e-04 |  5.0e-04 |  5.0e-04 |
|   15.0%  |1500000   |  6.9e-02 |     841  |  4.1e-04 |  4.1e-04 |  4.1e-04 |
|   20.0%  |2000000   |  6.9e-02 |    1121  |  3.5e-04 |  3.5e-04 |  3.5e-04 |
|   25.0%  |2500000   |  6.9e-02 |    1401  |  3.1e-04 |  3.1e-04 |  3.1e-04 |
|   30.0%  |3000000   |  6.9e-02 |    1681  |  2.9e-04 |  2.9e-04 |  2.9e-04 |
|   35.0%  |3500000   |  6.9e-02 |    1961  |  2.7e-04 |  2.7e-04 |  2.7e-04 |
|   40.0%  |4000000   |  6.9e-02 |    2241  |  2.5e-04 |  2.5e-04 |  2.5e-04 |
|   45.0%  |4500000   |  6.9e-02 |    2521  |  2.3e-04 |  2.3e-04 |  2.3e-04 |
|   50.0%  |5000000   |  6.9e-02 |    2802  |  2.2e-04 |  2.2e-04 |  2.2e-04 |
|   55.0%  |5500000   |  6.9e-02 |    3082  |  2.1e-04 |  2.1e-04 |  2.1e-04 |
|   60.0%  |6000000   |  6.9e-02 |    3362  |  2.0e-04 |  2.0e-04 |  2.0e-04 |
|   65.0%  |6500000   |  6.9e-02 |    3642  |  2.0e-04 |  2.0e-04 |  2.0e-04 |
|   70.0%  |7000000   |  6.9e-02 |    3923  |  1.9e-04 |  1.9e-04 |  1.9e-04 |
|   75.0%  |7500000   |  6.9e-02 |    4202  |  1.8e-04 |  1.8e-04 |  1.8e-04 |
|   80.0%  |8000000   |  6.9e-02 |    4482  |  1.8e-04 |  1.8e-04 |  1.8e-04 |
|   85.0%  |8500000   |  6.9e-02 |    4762  |  1.7e-04 |  1.7e-04 |  1.7e-04 |
|   90.0%  |9000000   |  6.9e-02 |    5043  |  1.7e-04 |  1.7e-04 |  1.7e-04 |
|   95.0%  |9500000   |  6.9e-02 |    5323  |  1.6e-04 |  1.6e-04 |  1.6e-04 |
|  100.0%  |10000000   |  6.9e-02 |    5603  |  1.6e-04 |  1.6e-04 |  1.6e-04 |
Buffer:		    ON
Nodes:              11                            
Links:              52                            
Goal Connections:   10000000                      
Lambda:             5.8e+02                       
Mu:                 1.0e+00                       
Algorithm:          FirstFit                      

+----------+----------+----------+----------+----------+----------+----------+
| progress | arrives  | blocking | time(s)  | Wald CI  | A-C. CI  | Wilson CI|
+----------+----------+----------+----------+----------+----------+----------+
|    5.0%  | 500000   |  7.4e-02 |     283  |  7.2e-04 |  7.2e-04 |  7.2e-04 |
|   10.0%  |1000000   |  7.3e-02 |     567  |  5.1e-04 |  5.1e-04 |  5.1e-04 |
|   15.0%  |1500000   |  7.3e-02 |     851  |  4.2e-04 |  4.2e-04 |  4.2e-04 |
|   20.0%  |2000000   |  7.3e-02 |    1134  |  3.6e-04 |  3.6e-04 |  3.6e-04 |
|   25.0%  |2500000   |  7.3e-02 |    1418  |  3.2e-04 |  3.2e-04 |  3.2e-04 |
|   30.0%  |3000000   |  7.3e-02 |    1701  |  2.9e-04 |  2.9e-04 |  2.9e-04 |
|   35.0%  |3500000   |  7.3e-02 |    1985  |  2.7e-04 |  2.7e-04 |  2.7e-04 |
|   40.0%  |4000000   |  7.3e-02 |    2268  |  2.6e-04 |  2.6e-04 |  2.6e-04 |
|   45.0%  |4500000   |  7.3e-02 |    2552  |  2.4e-04 |  2.4e-04 |  2.4e-04 |
|   50.0%  |5000000   |  7.3e-02 |    2834  |  2.3e-04 |  2.3e-04 |  2.3e-04 |
|   55.0%  |5500000   |  7.3e-02 |    3117  |  2.2e-04 |  2.2e-04 |  2.2e-04 |
|   60.0%  |6000000   |  7.3e-02 |    3400  |  2.1e-04 |  2.1e-04 |  2.1e-04 |
|   65.0%  |6500000   |  7.3e-02 |    3683  |  2.0e-04 |  2.0e-04 |  2.0e-04 |
|   70.0%  |7000000   |  7.3e-02 |    3967  |  1.9e-04 |  1.9e-04 |  1.9e-04 |
|   75.0%  |7500000   |  7.3e-02 |    4252  |  1.9e-04 |  1.9e-04 |  1.9e-04 |
|   80.0%  |8000000   |  7.3e-02 |    4535  |  1.8e-04 |  1.8e-04 |  1.8e-04 |
|   85.0%  |8500000   |  7.3e-02 |    4819  |  1.7e-04 |  1.7e-04 |  1.7e-04 |
|   90.0%  |9000000   |  7.3e-02 |    5102  |  1.7e-04 |  1.7e-04 |  1.7e-04 |
|   95.0%  |9500000   |  7.3e-02 |    5384  |  1.7e-04 |  1.7e-04 |  1.7e-04 |
|  100.0%  |10000000   |  7.3e-02 |    5668  |  1.6e-04 |  1.6e-04 |  1.6e-04 |
Buffer:		    ON
Nodes:              11                            
Links:              52                            
Goal Connections:   10000000                      
Lambda:             6.1e+02                       
Mu:                 1.0e+00                       
Algorithm:          FirstFit                      

+----------+----------+----------+----------+----------+----------+----------+
| progress | arrives  | blocking | time(s)  | Wald CI  | A-C. CI  | Wilson CI|
+----------+----------+----------+----------+----------+----------+----------+
|    5.0%  | 500000   |  7.8e-02 |     286  |  7.4e-04 |  7.4e-04 |  7.4e-04 |
|   10.0%  |1000000   |  7.8e-02 |     572  |  5.2e-04 |  5.2e-04 |  5.2e-04 |
|   15.0%  |1500000   |  7.8e-02 |     858  |  4.3e-04 |  4.3e-04 |  4.3e-04 |
|   20.0%  |2000000   |  7.8e-02 |    1144  |  3.7e-04 |  3.7e-04 |  3.7e-04 |
|   25.0%  |2500000   |  7.8e-02 |    1430  |  3.3e-04 |  3.3e-04 |  3.3e-04 |
|   30.0%  |3000000   |  7.7e-02 |    1717  |  3.0e-04 |  3.0e-04 |  3.0e-04 |
|   35.0%  |3500000   |  7.7e-02 |    2003  |  2.8e-04 |  2.8e-04 |  2.8e-04 |
|   40.0%  |4000000   |  7.7e-02 |    2290  |  2.6e-04 |  2.6e-04 |  2.6e-04 |
|   45.0%  |4500000   |  7.7e-02 |    2577  |  2.5e-04 |  2.5e-04 |  2.5e-04 |
|   50.0%  |5000000   |  7.7e-02 |    2863  |  2.3e-04 |  2.3e-04 |  2.3e-04 |
|   55.0%  |5500000   |  7.7e-02 |    3150  |  2.2e-04 |  2.2e-04 |  2.2e-04 |
|   60.0%  |6000000   |  7.7e-02 |    3436  |  2.1e-04 |  2.1e-04 |  2.1e-04 |
|   65.0%  |6500000   |  7.7e-02 |    3723  |  2.1e-04 |  2.1e-04 |  2.1e-04 |
|   70.0%  |7000000   |  7.7e-02 |    4009  |  2.0e-04 |  2.0e-04 |  2.0e-04 |
|   75.0%  |7500000   |  7.7e-02 |    4294  |  1.9e-04 |  1.9e-04 |  1.9e-04 |
|   80.0%  |8000000   |  7.7e-02 |    4580  |  1.8e-04 |  1.8e-04 |  1.8e-04 |
|   85.0%  |8500000   |  7.7e-02 |    4867  |  1.8e-04 |  1.8e-04 |  1.8e-04 |
|   90.0%  |9000000   |  7.7e-02 |    5153  |  1.7e-04 |  1.7e-04 |  1.7e-04 |
|   95.0%  |9500000   |  7.7e-02 |    5439  |  1.7e-04 |  1.7e-04 |  1.7e-04 |
|  100.0%  |10000000   |  7.7e-02 |    5725  |  1.7e-04 |  1.7e-04 |  1.7e-04 |
Buffer:		    ON
Nodes:              11                            
Links:              52                            
Goal Connections:   10000000                      
Lambda:             6.5e+02                       
Mu:                 1.0e+00                       
Algorithm:          FirstFit                      

+----------+----------+----------+----------+----------+----------+----------+
| progress | arrives  | blocking | time(s)  | Wald CI  | A-C. CI  | Wilson CI|
+----------+----------+----------+----------+----------+----------+----------+
|    5.0%  | 500000   |  8.2e-02 |     290  |  7.6e-04 |  7.6e-04 |  7.6e-04 |
|   10.0%  |1000000   |  8.2e-02 |     580  |  5.4e-04 |  5.4e-04 |  5.4e-04 |
|   15.0%  |1500000   |  8.2e-02 |     869  |  4.4e-04 |  4.4e-04 |  4.4e-04 |
|   20.0%  |2000000   |  8.2e-02 |    1160  |  3.8e-04 |  3.8e-04 |  3.8e-04 |
|   25.0%  |2500000   |  8.1e-02 |    1450  |  3.4e-04 |  3.4e-04 |  3.4e-04 |
|   30.0%  |3000000   |  8.1e-02 |    1740  |  3.1e-04 |  3.1e-04 |  3.1e-04 |
|   35.0%  |3500000   |  8.1e-02 |    2029  |  2.9e-04 |  2.9e-04 |  2.9e-04 |
|   40.0%  |4000000   |  8.1e-02 |    2319  |  2.7e-04 |  2.7e-04 |  2.7e-04 |
|   45.0%  |4500000   |  8.1e-02 |    2610  |  2.5e-04 |  2.5e-04 |  2.5e-04 |
|   50.0%  |5000000   |  8.2e-02 |    2899  |  2.4e-04 |  2.4e-04 |  2.4e-04 |
|   55.0%  |5500000   |  8.2e-02 |    3188  |  2.3e-04 |  2.3e-04 |  2.3e-04 |
|   60.0%  |6000000   |  8.1e-02 |    3478  |  2.2e-04 |  2.2e-04 |  2.2e-04 |
|   65.0%  |6500000   |  8.1e-02 |    3768  |  2.1e-04 |  2.1e-04 |  2.1e-04 |
|   70.0%  |7000000   |  8.2e-02 |    4057  |  2.0e-04 |  2.0e-04 |  2.0e-04 |
|   75.0%  |7500000   |  8.2e-02 |    4347  |  2.0e-04 |  2.0e-04 |  2.0e-04 |
|   80.0%  |8000000   |  8.1e-02 |    4637  |  1.9e-04 |  1.9e-04 |  1.9e-04 |
|   85.0%  |8500000   |  8.1e-02 |    4928  |  1.8e-04 |  1.8e-04 |  1.8e-04 |
|   90.0%  |9000000   |  8.1e-02 |    5217  |  1.8e-04 |  1.8e-04 |  1.8e-04 |
|   95.0%  |9500000   |  8.1e-02 |    5507  |  1.7e-04 |  1.7e-04 |  1.7e-04 |
|  100.0%  |10000000   |  8.1e-02 |    5797  |  1.7e-04 |  1.7e-04 |  1.7e-04 |
Buffer:		    ON
Nodes:              11                            
Links:              52                            
Goal Connections:   10000000                      
Lambda:             6.8e+02                       
Mu:                 1.0e+00                       
Algorithm:          FirstFit                      

+----------+----------+----------+----------+----------+----------+----------+
| progress | arrives  | blocking | time(s)  | Wald CI  | A-C. CI  | Wilson CI|
+----------+----------+----------+----------+----------+----------+----------+
|    5.0%  | 500000   |  8.4e-02 |     294  |  7.7e-04 |  7.7e-04 |  7.7e-04 |
|   10.0%  |1000000   |  8.5e-02 |     586  |  5.5e-04 |  5.5e-04 |  5.5e-04 |
|   15.0%  |1500000   |  8.5e-02 |     880  |  4.5e-04 |  4.5e-04 |  4.5e-04 |
|   20.0%  |2000000   |  8.5e-02 |    1174  |  3.9e-04 |  3.9e-04 |  3.9e-04 |
|   25.0%  |2500000   |  8.5e-02 |    1467  |  3.5e-04 |  3.5e-04 |  3.5e-04 |
|   30.0%  |3000000   |  8.5e-02 |    1760  |  3.2e-04 |  3.2e-04 |  3.2e-04 |
|   35.0%  |3500000   |  8.5e-02 |    2053  |  2.9e-04 |  2.9e-04 |  2.9e-04 |
|   40.0%  |4000000   |  8.5e-02 |    2346  |  2.7e-04 |  2.7e-04 |  2.7e-04 |
|   45.0%  |4500000   |  8.5e-02 |    2638  |  2.6e-04 |  2.6e-04 |  2.6e-04 |
|   50.0%  |5000000   |  8.5e-02 |    2931  |  2.4e-04 |  2.4e-04 |  2.4e-04 |
|   55.0%  |5500000   |  8.5e-02 |    3223  |  2.3e-04 |  2.3e-04 |  2.3e-04 |
|   60.0%  |6000000   |  8.5e-02 |    3516  |  2.2e-04 |  2.2e-04 |  2.2e-04 |
|   65.0%  |6500000   |  8.5e-02 |    3810  |  2.1e-04 |  2.1e-04 |  2.1e-04 |
|   70.0%  |7000000   |  8.5e-02 |    4103  |  2.1e-04 |  2.1e-04 |  2.1e-04 |
|   75.0%  |7500000   |  8.5e-02 |    4396  |  2.0e-04 |  2.0e-04 |  2.0e-04 |
|   80.0%  |8000000   |  8.5e-02 |    4690  |  1.9e-04 |  1.9e-04 |  1.9e-04 |
|   85.0%  |8500000   |  8.5e-02 |    4982  |  1.9e-04 |  1.9e-04 |  1.9e-04 |
|   90.0%  |9000000   |  8.5e-02 |    5275  |  1.8e-04 |  1.8e-04 |  1.8e-04 |
|   95.0%  |9500000   |  8.5e-02 |    5567  |  1.8e-04 |  1.8e-04 |  1.8e-04 |
|  100.0%  |10000000   |  8.5e-02 |    5860  |  1.7e-04 |  1.7e-04 |  1.7e-04 |
Buffer:		    ON
Nodes:              11                            
Links:              52                            
Goal Connections:   10000000                      
Lambda:             7.2e+02                       
Mu:                 1.0e+00                       
Algorithm:          FirstFit                      

+----------+----------+----------+----------+----------+----------+----------+
| progress | arrives  | blocking | time(s)  | Wald CI  | A-C. CI  | Wilson CI|
+----------+----------+----------+----------+----------+----------+----------+
|    5.0%  | 500000   |  8.9e-02 |     297  |  7.9e-04 |  7.9e-04 |  7.9e-04 |
|   10.0%  |1000000   |  8.9e-02 |     594  |  5.6e-04 |  5.6e-04 |  5.6e-04 |
|   15.0%  |1500000   |  8.9e-02 |     891  |  4.6e-04 |  4.6e-04 |  4.6e-04 |
|   20.0%  |2000000   |  8.9e-02 |    1186  |  4.0e-04 |  4.0e-04 |  4.0e-04 |
|   25.0%  |2500000   |  8.9e-02 |    1482  |  3.5e-04 |  3.5e-04 |  3.5e-04 |
|   30.0%  |3000000   |  8.9e-02 |    1779  |  3.2e-04 |  3.2e-04 |  3.2e-04 |
|   35.0%  |3500000   |  8.9e-02 |    2074  |  3.0e-04 |  3.0e-04 |  3.0e-04 |
|   40.0%  |4000000   |  8.9e-02 |    2370  |  2.8e-04 |  2.8e-04 |  2.8e-04 |
|   45.0%  |4500000   |  8.9e-02 |    2667  |  2.6e-04 |  2.6e-04 |  2.6e-04 |
|   50.0%  |5000000   |  8.9e-02 |    2962  |  2.5e-04 |  2.5e-04 |  2.5e-04 |
|   55.0%  |5500000   |  8.9e-02 |    3258  |  2.4e-04 |  2.4e-04 |  2.4e-04 |
|   60.0%  |6000000   |  8.9e-02 |    3554  |  2.3e-04 |  2.3e-04 |  2.3e-04 |
|   65.0%  |6500000   |  8.9e-02 |    3851  |  2.2e-04 |  2.2e-04 |  2.2e-04 |
|   70.0%  |7000000   |  8.9e-02 |    4146  |  2.1e-04 |  2.1e-04 |  2.1e-04 |
|   75.0%  |7500000   |  8.9e-02 |    4443  |  2.0e-04 |  2.0e-04 |  2.0e-04 |
|   80.0%  |8000000   |  8.9e-02 |    4740  |  2.0e-04 |  2.0e-04 |  2.0e-04 |
|   85.0%  |8500000   |  8.9e-02 |    5036  |  1.9e-04 |  1.9e-04 |  1.9e-04 |
|   90.0%  |9000000   |  8.9e-02 |    5331  |  1.9e-04 |  1.9e-04 |  1.9e-04 |
|   95.0%  |9500000   |  8.9e-02 |    5627  |  1.8e-04 |  1.8e-04 |  1.8e-04 |
|  100.0%  |10000000   |  8.9e-02 |    5921  |  1.8e-04 |  1.8e-04 |  1.8e-04 |
Buffer:		    ON
Nodes:              11                            
Links:              52                            
Goal Connections:   10000000                      
Lambda:             7.6e+02                       
Mu:                 1.0e+00                       
Algorithm:          FirstFit                      

+----------+----------+----------+----------+----------+----------+----------+
| progress | arrives  | blocking | time(s)  | Wald CI  | A-C. CI  | Wilson CI|
+----------+----------+----------+----------+----------+----------+----------+
|    5.0%  | 500000   |  9.4e-02 |     299  |  8.1e-04 |  8.1e-04 |  8.1e-04 |
|   10.0%  |1000000   |  9.3e-02 |     598  |  5.7e-04 |  5.7e-04 |  5.7e-04 |
|   15.0%  |1500000   |  9.3e-02 |     897  |  4.7e-04 |  4.7e-04 |  4.7e-04 |
|   20.0%  |2000000   |  9.3e-02 |    1197  |  4.0e-04 |  4.0e-04 |  4.0e-04 |
|   25.0%  |2500000   |  9.3e-02 |    1495  |  3.6e-04 |  3.6e-04 |  3.6e-04 |
|   30.0%  |3000000   |  9.3e-02 |    1795  |  3.3e-04 |  3.3e-04 |  3.3e-04 |
|   35.0%  |3500000   |  9.3e-02 |    2095  |  3.0e-04 |  3.0e-04 |  3.0e-04 |
|   40.0%  |4000000   |  9.3e-02 |    2393  |  2.8e-04 |  2.8e-04 |  2.8e-04 |
|   45.0%  |4500000   |  9.3e-02 |    2690  |  2.7e-04 |  2.7e-04 |  2.7e-04 |
|   50.0%  |5000000   |  9.3e-02 |    2989  |  2.5e-04 |  2.5e-04 |  2.5e-04 |
|   55.0%  |5500000   |  9.3e-02 |    3288  |  2.4e-04 |  2.4e-04 |  2.4e-04 |
|   60.0%  |6000000   |  9.3e-02 |    3587  |  2.3e-04 |  2.3e-04 |  2.3e-04 |
|   65.0%  |6500000   |  9.3e-02 |    3887  |  2.2e-04 |  2.2e-04 |  2.2e-04 |
|   70.0%  |7000000   |  9.3e-02 |    4185  |  2.1e-04 |  2.1e-04 |  2.1e-04 |
|   75.0%  |7500000   |  9.3e-02 |    4484  |  2.1e-04 |  2.1e-04 |  2.1e-04 |
|   80.0%  |8000000   |  9.3e-02 |    4783  |  2.0e-04 |  2.0e-04 |  2.0e-04 |
|   85.0%  |8500000   |  9.3e-02 |    5084  |  1.9e-04 |  1.9e-04 |  1.9e-04 |
|   90.0%  |9000000   |  9.3e-02 |    5384  |  1.9e-04 |  1.9e-04 |  1.9e-04 |
|   95.0%  |9500000   |  9.3e-02 |    5685  |  1.8e-04 |  1.8e-04 |  1.8e-04 |
|  100.0%  |10000000   |  9.3e-02 |    5984  |  1.8e-04 |  1.8e-04 |  1.8e-04 |
Buffer:		    ON
Nodes:              11                            
Links:              52                            
Goal Connections:   10000000                      
Lambda:             7.9e+02                       
Mu:                 1.0e+00                       
Algorithm:          FirstFit                      

+----------+----------+----------+----------+----------+----------+----------+
| progress | arrives  | blocking | time(s)  | Wald CI  | A-C. CI  | Wilson CI|
+----------+----------+----------+----------+----------+----------+----------+
|    5.0%  | 500000   |  9.6e-02 |     304  |  8.2e-04 |  8.2e-04 |  8.2e-04 |
|   10.0%  |1000000   |  9.6e-02 |     607  |  5.8e-04 |  5.8e-04 |  5.8e-04 |
|   15.0%  |1500000   |  9.6e-02 |     909  |  4.7e-04 |  4.7e-04 |  4.7e-04 |
|   20.0%  |2000000   |  9.6e-02 |    1213  |  4.1e-04 |  4.1e-04 |  4.1e-04 |
|   25.0%  |2500000   |  9.6e-02 |    1515  |  3.7e-04 |  3.7e-04 |  3.7e-04 |
|   30.0%  |3000000   |  9.6e-02 |    1818  |  3.3e-04 |  3.3e-04 |  3.3e-04 |
|   35.0%  |3500000   |  9.6e-02 |    2120  |  3.1e-04 |  3.1e-04 |  3.1e-04 |
|   40.0%  |4000000   |  9.6e-02 |    2423  |  2.9e-04 |  2.9e-04 |  2.9e-04 |
|   45.0%  |4500000   |  9.6e-02 |    2725  |  2.7e-04 |  2.7e-04 |  2.7e-04 |
|   50.0%  |5000000   |  9.6e-02 |    3026  |  2.6e-04 |  2.6e-04 |  2.6e-04 |
|   55.0%  |5500000   |  9.6e-02 |    3329  |  2.5e-04 |  2.5e-04 |  2.5e-04 |
|   60.0%  |6000000   |  9.6e-02 |    3632  |  2.4e-04 |  2.4e-04 |  2.4e-04 |
|   65.0%  |6500000   |  9.6e-02 |    3935  |  2.3e-04 |  2.3e-04 |  2.3e-04 |
|   70.0%  |7000000   |  9.6e-02 |    4236  |  2.2e-04 |  2.2e-04 |  2.2e-04 |
|   75.0%  |7500000   |  9.6e-02 |    4540  |  2.1e-04 |  2.1e-04 |  2.1e-04 |
|   80.0%  |8000000   |  9.6e-02 |    4841  |  2.0e-04 |  2.0e-04 |  2.0e-04 |
|   85.0%  |8500000   |  9.6e-02 |    5144  |  2.0e-04 |  2.0e-04 |  2.0e-04 |
|   90.0%  |9000000   |  9.6e-02 |    5446  |  1.9e-04 |  1.9e-04 |  1.9e-04 |
|   95.0%  |9500000   |  9.6e-02 |    5748  |  1.9e-04 |  1.9e-04 |  1.9e-04 |
|  100.0%  |10000000   |  9.6e-02 |    6049  |  1.8e-04 |  1.8e-04 |  1.8e-04 |
Buffer:		    ON
Nodes:              11                            
Links:              52                            
Goal Connections:   10000000                      
Lambda:             8.3e+02                       
Mu:                 1.0e+00                       
Algorithm:          FirstFit                      

+----------+----------+----------+----------+----------+----------+----------+
| progress | arrives  | blocking | time(s)  | Wald CI  | A-C. CI  | Wilson CI|
+----------+----------+----------+----------+----------+----------+----------+
|    5.0%  | 500000   |  9.9e-02 |     307  |  8.3e-04 |  8.3e-04 |  8.3e-04 |
|   10.0%  |1000000   |  9.9e-02 |     615  |  5.9e-04 |  5.9e-04 |  5.9e-04 |
|   15.0%  |1500000   |  1.0e-01 |     922  |  4.8e-04 |  4.8e-04 |  4.8e-04 |
|   20.0%  |2000000   |  1.0e-01 |    1229  |  4.2e-04 |  4.2e-04 |  4.2e-04 |
|   25.0%  |2500000   |  1.0e-01 |    1534  |  3.7e-04 |  3.7e-04 |  3.7e-04 |
|   30.0%  |3000000   |  1.0e-01 |    1840  |  3.4e-04 |  3.4e-04 |  3.4e-04 |
|   35.0%  |3500000   |  9.9e-02 |    2146  |  3.1e-04 |  3.1e-04 |  3.1e-04 |
|   40.0%  |4000000   |  9.9e-02 |    2451  |  2.9e-04 |  2.9e-04 |  2.9e-04 |
|   45.0%  |4500000   |  9.9e-02 |    2757  |  2.8e-04 |  2.8e-04 |  2.8e-04 |
|   50.0%  |5000000   |  1.0e-01 |    3062  |  2.6e-04 |  2.6e-04 |  2.6e-04 |
|   55.0%  |5500000   |  1.0e-01 |    3366  |  2.5e-04 |  2.5e-04 |  2.5e-04 |
|   60.0%  |6000000   |  1.0e-01 |    3672  |  2.4e-04 |  2.4e-04 |  2.4e-04 |
|   65.0%  |6500000   |  1.0e-01 |    3978  |  2.3e-04 |  2.3e-04 |  2.3e-04 |
|   70.0%  |7000000   |  1.0e-01 |    4283  |  2.2e-04 |  2.2e-04 |  2.2e-04 |
|   75.0%  |7500000   |  1.0e-01 |    4589  |  2.1e-04 |  2.1e-04 |  2.1e-04 |
|   80.0%  |8000000   |  1.0e-01 |    4895  |  2.1e-04 |  2.1e-04 |  2.1e-04 |
|   85.0%  |8500000   |  1.0e-01 |    5200  |  2.0e-04 |  2.0e-04 |  2.0e-04 |
|   90.0%  |9000000   |  1.0e-01 |    5507  |  2.0e-04 |  2.0e-04 |  2.0e-04 |
|   95.0%  |9500000   |  9.9e-02 |    5813  |  1.9e-04 |  1.9e-04 |  1.9e-04 |
|  100.0%  |10000000   |  9.9e-02 |    6119  |  1.9e-04 |  1.9e-04 |  1.9e-04 |
Buffer:		    ON
Nodes:              11                            
Links:              52                            
Goal Connections:   10000000                      
Lambda:             8.6e+02                       
Mu:                 1.0e+00                       
Algorithm:          FirstFit                      

+----------+----------+----------+----------+----------+----------+----------+
| progress | arrives  | blocking | time(s)  | Wald CI  | A-C. CI  | Wilson CI|
+----------+----------+----------+----------+----------+----------+----------+
|    5.0%  | 500000   |  1.0e-01 |     308  |  8.4e-04 |  8.4e-04 |  8.4e-04 |
|   10.0%  |1000000   |  1.0e-01 |     617  |  6.0e-04 |  6.0e-04 |  6.0e-04 |
|   15.0%  |1500000   |  1.0e-01 |     926  |  4.9e-04 |  4.9e-04 |  4.9e-04 |
|   20.0%  |2000000   |  1.0e-01 |    1235  |  4.2e-04 |  4.2e-04 |  4.2e-04 |
|   25.0%  |2500000   |  1.0e-01 |    1546  |  3.8e-04 |  3.8e-04 |  3.8e-04 |
|   30.0%  |3000000   |  1.0e-01 |    1855  |  3.4e-04 |  3.4e-04 |  3.4e-04 |
|   35.0%  |3500000   |  1.0e-01 |    2164  |  3.2e-04 |  3.2e-04 |  3.2e-04 |
|   40.0%  |4000000   |  1.0e-01 |    2473  |  3.0e-04 |  3.0e-04 |  3.0e-04 |
|   45.0%  |4500000   |  1.0e-01 |    2784  |  2.8e-04 |  2.8e-04 |  2.8e-04 |
|   50.0%  |5000000   |  1.0e-01 |    3092  |  2.7e-04 |  2.7e-04 |  2.7e-04 |
|   55.0%  |5500000   |  1.0e-01 |    3401  |  2.5e-04 |  2.5e-04 |  2.5e-04 |
|   60.0%  |6000000   |  1.0e-01 |    3711  |  2.4e-04 |  2.4e-04 |  2.4e-04 |
|   65.0%  |6500000   |  1.0e-01 |    4020  |  2.3e-04 |  2.3e-04 |  2.3e-04 |
|   70.0%  |7000000   |  1.0e-01 |    4327  |  2.3e-04 |  2.3e-04 |  2.3e-04 |
|   75.0%  |7500000   |  1.0e-01 |    4636  |  2.2e-04 |  2.2e-04 |  2.2e-04 |
|   80.0%  |8000000   |  1.0e-01 |    4946  |  2.1e-04 |  2.1e-04 |  2.1e-04 |
|   85.0%  |8500000   |  1.0e-01 |    5255  |  2.0e-04 |  2.0e-04 |  2.0e-04 |
|   90.0%  |9000000   |  1.0e-01 |    5564  |  2.0e-04 |  2.0e-04 |  2.0e-04 |
|   95.0%  |9500000   |  1.0e-01 |    5873  |  1.9e-04 |  1.9e-04 |  1.9e-04 |
|  100.0%  |10000000   |  1.0e-01 |    6182  |  1.9e-04 |  1.9e-04 |  1.9e-04 |
Buffer:		    ON
Nodes:              11                            
Links:              52                            
Goal Connections:   10000000                      
Lambda:             9.0e+02                       
Mu:                 1.0e+00                       
Algorithm:          FirstFit                      

+----------+----------+----------+----------+----------+----------+----------+
| progress | arrives  | blocking | time(s)  | Wald CI  | A-C. CI  | Wilson CI|
+----------+----------+----------+----------+----------+----------+----------+
|    5.0%  | 500000   |  1.1e-01 |     313  |  8.5e-04 |  8.5e-04 |  8.5e-04 |
|   10.0%  |1000000   |  1.1e-01 |     624  |  6.0e-04 |  6.0e-04 |  6.0e-04 |
|   15.0%  |1500000   |  1.1e-01 |     937  |  4.9e-04 |  4.9e-04 |  4.9e-04 |
|   20.0%  |2000000   |  1.1e-01 |    1249  |  4.3e-04 |  4.3e-04 |  4.3e-04 |
|   25.0%  |2500000   |  1.1e-01 |    1561  |  3.8e-04 |  3.8e-04 |  3.8e-04 |
|   30.0%  |3000000   |  1.1e-01 |    1875  |  3.5e-04 |  3.5e-04 |  3.5e-04 |
|   35.0%  |3500000   |  1.1e-01 |    2186  |  3.2e-04 |  3.2e-04 |  3.2e-04 |
|   40.0%  |4000000   |  1.1e-01 |    2498  |  3.0e-04 |  3.0e-04 |  3.0e-04 |
|   45.0%  |4500000   |  1.1e-01 |    2811  |  2.8e-04 |  2.8e-04 |  2.8e-04 |
|   50.0%  |5000000   |  1.1e-01 |    3123  |  2.7e-04 |  2.7e-04 |  2.7e-04 |
|   55.0%  |5500000   |  1.1e-01 |    3436  |  2.6e-04 |  2.6e-04 |  2.6e-04 |
|   60.0%  |6000000   |  1.1e-01 |    3748  |  2.5e-04 |  2.5e-04 |  2.5e-04 |
|   65.0%  |6500000   |  1.1e-01 |    4061  |  2.4e-04 |  2.4e-04 |  2.4e-04 |
|   70.0%  |7000000   |  1.1e-01 |    4373  |  2.3e-04 |  2.3e-04 |  2.3e-04 |
|   75.0%  |7500000   |  1.1e-01 |    4683  |  2.2e-04 |  2.2e-04 |  2.2e-04 |
|   80.0%  |8000000   |  1.1e-01 |    4996  |  2.1e-04 |  2.1e-04 |  2.1e-04 |
|   85.0%  |8500000   |  1.1e-01 |    5310  |  2.1e-04 |  2.1e-04 |  2.1e-04 |
|   90.0%  |9000000   |  1.1e-01 |    5622  |  2.0e-04 |  2.0e-04 |  2.0e-04 |
|   95.0%  |9500000   |  1.1e-01 |    5934  |  2.0e-04 |  2.0e-04 |  2.0e-04 |
|  100.0%  |10000000   |  1.1e-01 |    6246  |  1.9e-04 |  1.9e-04 |  1.9e-04 |
Buffer:		    ON
Nodes:              46                            
Links:              152                           
Goal Connections:   10000000                      
Lambda:             1.8e+02                       
Mu:                 1.0e+00                       
Algorithm:          FirstFit                      

+----------+----------+----------+----------+----------+----------+----------+
| progress | arrives  | blocking | time(s)  | Wald CI  | A-C. CI  | Wilson CI|
+----------+----------+----------+----------+----------+----------+----------+
|    5.0%  | 500000   |  1.2e-02 |     792  |  3.0e-04 |  3.0e-04 |  3.0e-04 |
|   10.0%  |1000000   |  1.2e-02 |    1569  |  2.1e-04 |  2.1e-04 |  2.1e-04 |
|   15.0%  |1500000   |  1.2e-02 |    2368  |  1.8e-04 |  1.8e-04 |  1.8e-04 |
|   20.0%  |2000000   |  1.2e-02 |    3170  |  1.5e-04 |  1.5e-04 |  1.5e-04 |
|   25.0%  |2500000   |  1.2e-02 |    3941  |  1.3e-04 |  1.3e-04 |  1.3e-04 |
|   30.0%  |3000000   |  1.2e-02 |    4701  |  1.2e-04 |  1.2e-04 |  1.2e-04 |
|   35.0%  |3500000   |  1.2e-02 |    5468  |  1.1e-04 |  1.1e-04 |  1.1e-04 |
|   40.0%  |4000000   |  1.2e-02 |    6232  |  1.1e-04 |  1.1e-04 |  1.1e-04 |
|   45.0%  |4500000   |  1.2e-02 |    6995  |  9.9e-05 |  9.9e-05 |  9.9e-05 |
|   50.0%  |5000000   |  1.2e-02 |    7771  |  9.4e-05 |  9.4e-05 |  9.4e-05 |
|   55.0%  |5500000   |  1.2e-02 |    8562  |  9.0e-05 |  9.0e-05 |  9.0e-05 |
|   60.0%  |6000000   |  1.2e-02 |    9328  |  8.6e-05 |  8.6e-05 |  8.6e-05 |
|   65.0%  |6500000   |  1.2e-02 |   10084  |  8.3e-05 |  8.3e-05 |  8.3e-05 |
|   70.0%  |7000000   |  1.2e-02 |   10865  |  8.0e-05 |  8.0e-05 |  8.0e-05 |
|   75.0%  |7500000   |  1.2e-02 |   11649  |  7.7e-05 |  7.7e-05 |  7.7e-05 |
|   80.0%  |8000000   |  1.2e-02 |   12423  |  7.4e-05 |  7.4e-05 |  7.4e-05 |
|   85.0%  |8500000   |  1.2e-02 |   13198  |  7.2e-05 |  7.2e-05 |  7.2e-05 |
|   90.0%  |9000000   |  1.2e-02 |   13983  |  7.0e-05 |  7.0e-05 |  7.0e-05 |
|   95.0%  |9500000   |  1.2e-02 |   14759  |  6.8e-05 |  6.8e-05 |  6.8e-05 |
|  100.0%  |10000000   |  1.2e-02 |   15544  |  6.7e-05 |  6.7e-05 |  6.7e-05 |

No elements in buffer! :P
Buffer:		    ON
Nodes:              46                            
Links:              152                           
Goal Connections:   10000000                      
Lambda:             2.2e+02                       
Mu:                 1.0e+00                       
Algorithm:          FirstFit                      

+----------+----------+----------+----------+----------+----------+----------+
| progress | arrives  | blocking | time(s)  | Wald CI  | A-C. CI  | Wilson CI|
+----------+----------+----------+----------+----------+----------+----------+
|    5.0%  | 500000   |  2.9e-02 |    1618  |  4.7e-04 |  4.7e-04 |  4.7e-04 |
|   10.0%  |1000000   |  2.9e-02 |    3203  |  3.3e-04 |  3.3e-04 |  3.3e-04 |
|   15.0%  |1500000   |  2.9e-02 |    4844  |  2.7e-04 |  2.7e-04 |  2.7e-04 |
|   20.0%  |2000000   |  2.9e-02 |    6445  |  2.3e-04 |  2.3e-04 |  2.3e-04 |
|   25.0%  |2500000   |  2.9e-02 |    8021  |  2.1e-04 |  2.1e-04 |  2.1e-04 |
|   30.0%  |3000000   |  2.9e-02 |    9611  |  1.9e-04 |  1.9e-04 |  1.9e-04 |
|   35.0%  |3500000   |  2.9e-02 |   11213  |  1.7e-04 |  1.7e-04 |  1.7e-04 |
|   40.0%  |4000000   |  2.9e-02 |   12820  |  1.6e-04 |  1.6e-04 |  1.6e-04 |
|   45.0%  |4500000   |  2.9e-02 |   14441  |  1.5e-04 |  1.5e-04 |  1.5e-04 |
|   50.0%  |5000000   |  2.9e-02 |   16057  |  1.5e-04 |  1.5e-04 |  1.5e-04 |
|   55.0%  |5500000   |  2.9e-02 |   17679  |  1.4e-04 |  1.4e-04 |  1.4e-04 |
|   60.0%  |6000000   |  2.9e-02 |   19285  |  1.3e-04 |  1.3e-04 |  1.3e-04 |
|   65.0%  |6500000   |  2.9e-02 |   20914  |  1.3e-04 |  1.3e-04 |  1.3e-04 |
|   70.0%  |7000000   |  2.9e-02 |   22545  |  1.2e-04 |  1.2e-04 |  1.2e-04 |
|   75.0%  |7500000   |  2.9e-02 |   24107  |  1.2e-04 |  1.2e-04 |  1.2e-04 |
|   80.0%  |8000000   |  2.9e-02 |   25733  |  1.2e-04 |  1.2e-04 |  1.2e-04 |
|   85.0%  |8500000   |  2.9e-02 |   27320  |  1.1e-04 |  1.1e-04 |  1.1e-04 |
|   90.0%  |9000000   |  2.9e-02 |   28960  |  1.1e-04 |  1.1e-04 |  1.1e-04 |
|   95.0%  |9500000   |  2.9e-02 |   30534  |  1.1e-04 |  1.1e-04 |  1.1e-04 |
|  100.0%  |10000000   |  2.9e-02 |   32176  |  1.0e-04 |  1.0e-04 |  1.0e-04 |

No elements in buffer! :P
Buffer:		    ON
Nodes:              46                            
Links:              152                           
Goal Connections:   10000000                      
Lambda:             2.5e+02                       
Mu:                 1.0e+00                       
Algorithm:          FirstFit                      

+----------+----------+----------+----------+----------+----------+----------+
| progress | arrives  | blocking | time(s)  | Wald CI  | A-C. CI  | Wilson CI|
+----------+----------+----------+----------+----------+----------+----------+
|    5.0%  | 500000   |  5.3e-02 |    2628  |  6.2e-04 |  6.2e-04 |  6.2e-04 |
|   10.0%  |1000000   |  5.3e-02 |    5264  |  4.4e-04 |  4.4e-04 |  4.4e-04 |
|   15.0%  |1500000   |  5.4e-02 |    7903  |  3.6e-04 |  3.6e-04 |  3.6e-04 |
|   20.0%  |2000000   |  5.3e-02 |   10542  |  3.1e-04 |  3.1e-04 |  3.1e-04 |
|   25.0%  |2500000   |  5.3e-02 |   13178  |  2.8e-04 |  2.8e-04 |  2.8e-04 |
|   30.0%  |3000000   |  5.3e-02 |   15815  |  2.5e-04 |  2.5e-04 |  2.5e-04 |
|   35.0%  |3500000   |  5.3e-02 |   18449  |  2.4e-04 |  2.4e-04 |  2.4e-04 |
|   40.0%  |4000000   |  5.3e-02 |   21090  |  2.2e-04 |  2.2e-04 |  2.2e-04 |
|   45.0%  |4500000   |  5.3e-02 |   23735  |  2.1e-04 |  2.1e-04 |  2.1e-04 |
|   50.0%  |5000000   |  5.3e-02 |   26370  |  2.0e-04 |  2.0e-04 |  2.0e-04 |
|   55.0%  |5500000   |  5.3e-02 |   29005  |  1.9e-04 |  1.9e-04 |  1.9e-04 |
|   60.0%  |6000000   |  5.3e-02 |   31647  |  1.8e-04 |  1.8e-04 |  1.8e-04 |
|   65.0%  |6500000   |  5.3e-02 |   34292  |  1.7e-04 |  1.7e-04 |  1.7e-04 |
|   70.0%  |7000000   |  5.3e-02 |   36931  |  1.7e-04 |  1.7e-04 |  1.7e-04 |
|   75.0%  |7500000   |  5.3e-02 |   39567  |  1.6e-04 |  1.6e-04 |  1.6e-04 |
|   80.0%  |8000000   |  5.3e-02 |   42203  |  1.6e-04 |  1.6e-04 |  1.6e-04 |
|   85.0%  |8500000   |  5.3e-02 |   44848  |  1.5e-04 |  1.5e-04 |  1.5e-04 |
|   90.0%  |9000000   |  5.3e-02 |   47489  |  1.5e-04 |  1.5e-04 |  1.5e-04 |
|   95.0%  |9500000   |  5.3e-02 |   50137  |  1.4e-04 |  1.4e-04 |  1.4e-04 |
|  100.0%  |10000000   |  5.3e-02 |   53495  |  1.4e-04 |  1.4e-04 |  1.4e-04 |
Buffer:		    ON
Nodes:              46                            
Links:              152                           
Goal Connections:   10000000                      
Lambda:             2.9e+02                       
Mu:                 1.0e+00                       
Algorithm:          FirstFit                      

+----------+----------+----------+----------+----------+----------+----------+
| progress | arrives  | blocking | time(s)  | Wald CI  | A-C. CI  | Wilson CI|
+----------+----------+----------+----------+----------+----------+----------+
|    5.0%  | 500000   |  6.1e-02 |    3363  |  6.6e-04 |  6.6e-04 |  6.6e-04 |
|   10.0%  |1000000   |  6.1e-02 |    6749  |  4.7e-04 |  4.7e-04 |  4.7e-04 |
|   15.0%  |1500000   |  6.1e-02 |   10133  |  3.8e-04 |  3.8e-04 |  3.8e-04 |
|   20.0%  |2000000   |  6.1e-02 |   13529  |  3.3e-04 |  3.3e-04 |  3.3e-04 |
|   25.0%  |2500000   |  6.1e-02 |   16926  |  3.0e-04 |  3.0e-04 |  3.0e-04 |
|   30.0%  |3000000   |  6.1e-02 |   20324  |  2.7e-04 |  2.7e-04 |  2.7e-04 |
|   