40.6208
40.6668
74.2425
74.3098
77.7608
77.8362
77.8724
77.883
77.9158
99.9422
184.428
184.549
184.729
228.224
228.261
228.789
228.897
232.356
263.501
298.674
298.727
298.741
344.358
344.416
446.887
447.535
447.537
447.716
501.889
502.042
513.863
545.06
561.643
573.71
573.741
573.742
573.757
576.859
584.331
638.131
638.213
638.229
638.273
658.103
658.227
729.221
729.334
729.346
729.466
729.529
729.538
729.809
729.852
729.853
771.334
771.353
785.916
785.926
785.989
786.039
786.063
786.123
786.721
786.774
799.3
810.269
810.466
810.604
810.638
879.53
879.746
966.723
966.748
989.912
989.941
989.967
991.448
991.642
1011.94
1012.01
1012.64
1012.77
1082.49
1082.51
1082.59
1082.88
1082.95
1083.09
1084.22
1084.28
1084.29
1087.44
1089.73
1106.52
1323.5
1323.6
1338.49
1338.84
1338.89
1558.58
1558.74
1559.02
1559.16
1559.33
1559.34
1559.61
1563.14
1563.2
1563.35
1563.45
1626.9
1633.9
1668.01
1668.18
1668.33
1668.35
1668.56
1668.74
1668.75
1668.78
1746.01
1746.24
1746.32
1746.45
1746.46
1816.82
1817.1
1817.15
1818.13
1818.25
1818.48
1818.59
1996.45
2036.59
2036.62
2036.81
2036.95
2036.95
2036.95
2070.31
2144.71
2144.89
2154.91
2155.01
2155.02
2155.02
2155.06
2155.17
2155.24
2155.32
2263.43
2263.45
2263.47
2263.55
2263.72
2273.74
2273.95
2274.55
2274.6
2274.73
2274.87
2322.23
2323.2
2408.02
2412.9
2469.41
2523.14
2528.19
2560.15
2560.17
2560.44
2560.49
2560.5
2561
2561.23
2561.37
2561.47
2561.51
2573.44
2573.48
2612.62
2612.62
2612.68
2612.71
2612.94
2612.95
2614.33
2614.46
2655.65
2659.41
2659.6
2670.63
2671.04
2671.07
2671.08
2671.38
2671.5
2671.51
2695.64
2695.83
2695.83
2695.94
2699.74
2699.85
2700.13
2701.35
2758.47
2758.52
2758.56
2758.59
2759.41
2763.54
2781.34
2799.2
2799.27
2838.93
2867.21
2869.73
2869.73
2870.49
2872.53
2872.69
2872.72
2880.89
2881.16
2924.89
2924.94
2925.4
2925.48
2954.57
2954.62
2954.77
2954.83
2955.04
2955.06
2955.07
2955.11
2955.25
2955.41
2955.72
2992.41
2992.55
3006.52
3006.6
3035.07
3035.19
3035.35
3035.39
3036.24
3036.25
3036.38
3036.42
3036.54
3061.15
3106.37
3137.28
3137.58
3142.23
3142.23
3142.51
3142.58
3223.8
3226.62
3226.69
3226.83
3226.98
3227
3227.43
3227.59
3227.61
3227.71
3227.77
3227.8
3385.21
3385.22
3404.36
3404.55
3404.6
3480.22
3481.42
3481.49
3481.53
3481.55
3481.76
3481.77
3481.98
3482.07
3482.13
3581.86
3639.31
3643.37
3709.42
3709.48
3709.65
3714.26
3720.8
3720.89
3732.98
3802.16
3802.4
3802.44
3802.47
3802.53
3830.19
3836.77
3858.21
3858.34
3858.38
3876.37
3876.38
3880.23
3880.44
3880.44
3880.46
3880.48
3880.5
3880.79
3880.79
3959.78
3959.79
3959.79
4109.62
4109.64
4109.72
4109.98
4110.02
4110.07
4110.12
4110.19
4110.21
4110.23
4129.65
4129.74
4129.84
4129.93
4129.95
4130.01
4130.32
4130.93
4131.01
4131.18
4131.25
4131.32
4131.37
4131.43
4131.86
4131.99
4132.01
4132.12
4132.17
4132.23
4132.29
4132.48
4132.53
4219.02
4219.06
4219.13
4230.19
4230.2
4230.22
4230.25
4230.25
4230.41
4230.47
4230.54
4230.65
4230.65
4297.47
4297.53
4414.7
4453.3
4453.43
4453.78
4453.81
4453.93
4453.97
4453.98
4454.05
4454.12
4454.13
4454.23
4578.05
4578.1
4578.15
4578.22
4578.25
4578.28
4578.3
4578.35
4578.47
4633.86
4633.87
4665.93
4666.14
4666.24
4666.27
4666.32
4666.4
4680.9
4680.9
4684.27
4732.85
4733.07
4733.09
4769.05
4769.23
4769.26
4769.29
4796.67
4797.4
4797.41
4797.59
4797.6
4797.63
4798.42
4815.86
4871.81
4894.24
4895.22
4898.06
4898.09
4898.11
4929.02
4929.07
4929.15
4929.25
4929.72
4937.43
4939.45
4939.46
4939.52
4939.6
4939.64
4939.79
4939.81
4939.9
4949.21
4950.6
4950.68
4950.93
4955.04
4956.96
4956.98
4957.09
4957.43
4957.5
4957.54
4957.57
4957.58
4957.62
4957.72
4957.76
4957.86
4958.84
4961.79
4970.59
4970.61
4970.87
5016.3
5016.36
5252.83
5252.88
5252.89
5252.9
5298.98
5299.02
5299.05
5299.09
5299.18
5299.23
5299.27
5299.48
5307.98
5308.13
5308.23
5308.24
5308.68
5308.72
5309.2
5309.39
5309.41
5309.65
5309.71
5309.72
5336.84
5336.89
5336.9
5337.15
5337.22
5337.31
5337.51
5337.52
5337.59
5337.67
5337.76
5337.84
5337.98
5338.08
5338.09
5338.29
5338.5
5338.55
5338.59
5338.59
5338.72
5338.78
5371.25
5371.28
5439.14
5490.91
5490.92
5503.65
5503.81
5503.87
5503.9
5504.01
5523.23
5532.85
5532.85
5533.05
5533.07
5533.4
5537.47
5537.55
5537.63
5537.68
5537.82
5537.93
5653.34
5654.38
5654.46
5654.46
5654.46
5721.69
5849.59
5849.66
5886.8
5971.75
5975.12
5984.27
5998.56
5999.37
5999.37
6033.78
6049.51
6049.52
6049.53
6049.73
6049.84
6049.87
6049.97
6056.49
6086.32
6086.32
6086.42
6086.42
6086.47
6086.47
6094.35
6097.38
6097.46
6156.36
6183.23
6183.36
6186.72
6186.72
6186.84
6186.94
6196.1
6196.26
6253.39
6253.39
6302.69
6302.7
6302.8
6303.91
6338.39
6338.43
6338.6
6338.6
6338.7
6338.75
6338.78
6338.8
6445.74
6445.81
6445.92
6445.95
6520.99
6521.08
6525.59
6525.66
6552.1
6588.53
6588.59
6672.81
6673.45
6673.46
6673.57
6687.46
6704.82
6704.93
6705.15
6705.19
6705.24
6705.32
6705.35
6705.45
6705.58
6705.65
6705.67
6727.19
6727.47
6727.6
6727.91
6757.18
6757.61
6817.14
6817.25
6817.26
6817.27
6817.42
6817.52
6817.59
6817.87
6817.87
6818
6831.79
6831.95
6831.95
6831.98
6832.03
6908.67
6908.74
6908.93
6980.25
6980.25
7068.1
7068.11
7069.17
7069.17
7069.69
7069.74
7093.05
7093.16
7093.38
7093.38
7093.39
7094.17
7104.73
7104.81
7105.02
7105.17
7105.26
7105.5
7105.52
7105.54
7105.57
7105.63
7105.68
7105.89
7105.99
7126.88
7126.89
7127.1
7127.11
7128.24
7128.62
7128.79
7128.8
7135.94
7144.88
7145.02
7169.33
7243.64
7243.64
7243.74
7243.75
7243.77
7243.87
7310.47
7336.75
7336.83
7453.8
7454.25
7465.89
7469.57
7469.7
7552.38
7569.42
7569.46
7617.66
7618.4
7621.9
7621.92
7621.94
7621.94
7644.84
7645.02
7645.12
7645.75
7645.83
7670.17
7788
7796.93
7809.51
7811.04
7850.67
7850.67
7850.84
7879.29
7879.53
7879.64
7879.82
7880.12
7880.14
7880.18
7937.12
7937.17
7937.19
7937.26
7939.96
7939.96
7955.17
7955.25
7955.42
7980.28
7980.36
7980.52
7980.53
7980.55
7980.61
7980.77
7980.83
7985.14
7985.16
7985.43
7985.5
7985.79
7986.08
7988.38
7988.62
7988.85
7988.92
7988.94
8106.31
8106.43
8106.45
8106.46
8106.55
8106.65
8106.81
8106.89
8107.11
8107.24
8107.28
8107.41
8107.49
8107.53
8107.72
8108
8108.03
8108.04
8108.19
8267.25
8267.25
8267.43
8267.47
8267.49
8267.5
8267.78
8276.27
8276.47
8276.5
8276.53
8276.62
8276.82
8311.98
8312.17
8312.18
8312.24
8312.26
8312.43
8332.79
8332.81
8333
8333
8333.15
8333.16
8333.28
8333.29
8333.37
8334.13
8334.18
8353.54
8393.36
8393.37
8393.49
8437.31
8482.76
8521.35
8521.4
8595.08
8595.15
8687.16
8687.2
8722.17
8726.41
8726.53
8747.85
8747.85
8747.94
8748.03
8748.08
8748.16
8748.2
8784.48
8784.92
8785.03
8785.1
8785.39
8785.7
8786
8786.11
8820.27
8930.9
8931.09
8931.19
8931.19
8931.2
8931.26
8931.28
8931.31
8932.76
8992.78
8992.78
9004.68
9018.51
9020.47
9076.06
9076.1
9076.16
9076.26
9076.42
9076.64
9076.64
9076.66
9076.72
9076.84
9077.05
9077.34
9077.68
9077.8
9077.82
9077.86
9185.04
9185.04
9278.49
9329.12
9368.22
9368.36
9368.45
9368.69
9368.7
9368.82
9368.84
9368.93
9369.23
9369.24
9369.24
9369.46
9369.66
9370.59
9370.69
9370.91
9380.91
9381.38
9404.92
9405.04
9458.59
9485.59
9490.04
9490.1
9490.16
9550.45
9554.11
9639.4
9639.41
9639.48
9752.56
9752.62
9752.64
9771.79
9771.92
9806.7
9933.53
9933.65
9933.67
9953.82
9954.43
9954.51
9954.67
9954.87
9970.51
9971.66
9971.84
10011.9
10011.9
10012.2
10012.2
10012.3
10026.4
10054
10062.8
10063.8
10065.5
10077.2
10077.4
10077.5
10077.6
10077.6
10077.7
10077.7
10077.8
10078.3
10112.5
10237.8
10251.6
10251.6
10322.3
10322.4
10451.4
10451.5
10451.6
10464.6
10527.5
10529.6
10566.6
10566.7
10624.1
10624.2
10628.1
10666.4
10694.3
10694.3
10694.4
10794
10794.4
10794.4
10794.5
10801.3
10801.4
10801.4
10801.5
10801.7
10850.6
10850.7
10850.7
10850.9
10850.9
10851.2
10867
10867.2
10867.2
10867.3
10867.4
10867.6
10900.6
10900.8
10900.8
10900.9
10900.9
10901
10901.1
10901.1
10901.2
10901.2
10901.2
10901.3
10901.3
10901.7
10902
10902.2
10902.3
10902.3
10902.4
10902.5
10902.5
10902.5
10902.7
10903.1
10903.2
10903.5
10903.5
11010.2
11010.6
11010.6
11011
11011
11011
11011.3
11011.3
11011.4
11011.5
11011.5
11011.7
11011.8
11012
11031.7
11037.5
11037.9
11037.9
11039.1
11039.1
11039.2
11046.5
11046.5
11055.6
11063.7
11074.7
11074.7
11084.5
11084.5
11084.7
11085.1
11085.3
11085.6
11085.6
11106.2
11106.3
11111.7
11111.8
11111.8
11111.8
11111.9
11111.9
11112
11112.5
11112.6
11112.7
11112.7
11112.7
11204
11204.1
11241.9
11241.9
11242.3
11242.4
11242.5
11242.5
11242.6
11243.5
11243.6
11247.1
11256.4
11256.4
11271.3
11271.4
11297.7
11297.7
11297.7
11308.6
11320.3
11320.3
11326.2
11327.2
11346.5
11346.8
11346.9
11388.4
11388.4
11388.7
11389.7
11424.4
11424.5
11424.6
11424.6
11424.7
11424.7
11424.8
11424.9
11425
11425
11425
11500.3
11500.4
11500.4
11500.6
11515.8
11785.1
11848.5
11899.9
11911.3
11911.4
12048.1
12048.2
12048.2
12048.5
12048.6
12066.9
12067
12171.9
12172
12172.1
12172.2
12172.2
12172.5
12185.7
12199.1
12309.5
12317.6
12388
12388
12388.2
12388.2
12406.5
12406.7
12406.7
12409.4
12409.5
12409.5
12409.6
12417.2
12420.7
12420.7
12432.4
12452.5
12494.9
12495
12495.1
12531.5
12531.6
12531.7
12531.7
12531.9
12532
12532
12536.8
12538.2
12546.5
12546.6
12562.3
12592.3
12616.9
12644.3
12644.6
12652.2
12653
12653.1
12653.2
12659.4
12672.3
12684.9
12685.2
12685.2
12686.2
12686.3
12687.7
12714.9
12715.2
12722.5
12722.9
12814.4
12814.7
12817.2
12817.2
12896.1
12896.2
12918.2
12918.5
12927.9
12928.3
12928.4
12928.4
12979.6
12979.8
13045.8
13045.9
13046
13046
13046.2
13046.3
13046.4
13087.5
13123.1
13123.2
13193.9
13342.9
13342.9
13343.1
13450.7
13450.7
13450.8
13450.8
13450.8
13450.9
13450.9
13464.9
13496.5
13496.5
13496.6
13496.6
13496.7
13497.1
13497.1
13497.2
13497.2
13521.6
13521.8
13522
13522
13522.4
13522.6
13522.6
13526.7
13531.3
13531.4
13591
13591
13591.1
13668.7
13767.5
13793.8
13793.8
13810.1
13810.1
13818.6
13819.1
13819.3
13901.9
13902.1
13952.5
13952.6
13952.7
13952.7
13952.7
13952.8
13952.8
13952.9
13967.8
13967.9
13967.9
13985.4
14040.2
14040.3
14040.5
14040.5
14040.6
14040.8
14041.2
14041.2
14041.3
14041.3
14041.7
14042
14042.9
14043.2
14043.3
14043.4
14128.4
14133.6
14150.1
14150.2
14150.4
14167.1
14167.1
14167.6
14275.9
14276
14308.5
14308.6
14308.7
14308.7
14308.8
14308.9
14325.7
14325.7
14343.3
14343.4
14343.5
14343.5
14359.5
14359.5
14383.9
14383.9
14384.1
14384.2
14384.2
14400.5
14400.8
14400.9
14400.9
14401.3
14421.5
14421.6
14421.8
14421.8
14448.5
14448.5
14448.7
14448.7
14448.9
14449
14449.1
14455.7
14455.7
14455.8
14462
14462.2
14462.3
14462.3
14462.4
14462.4
14494.7
14612.7
14612.9
14639
14639.4
14639.9
14640.1
14640.1
14640.2
14640.3
14640.5
14640.6
14670.3
14670.3
14670.4
14670.4
14670.7
14670.9
14671
14671.1
14671.3
14671.3
14671.3
14673.2
14673.4
14673.4
14673.4
14673.6
14707.1
14707.1
14707.8
14781.6
14793.4
14838.2
14838.4
14838.4
14973.6
14973.6
15016.7
15045.2
15079
15079.3
15079.3
15139.9
15140
15140.1
15140.1
15183.2
15216.7
15216.9
15217
15217
15217.1
15217.2
15217.3
15226.1
15259.3
15259.4
15259.4
15259.6
15259.7
15259.7
15260.3
15260.3
15260.3
15260.4
15260.4
15260.5
15260.5
15260.5
15260.6
15279.8
15381.9
15381.9
15382
15453.4
15453.5
15453.8
15526.5
15526.8
15591.2
15650.2
15657.3
15698.3
15698.3
15698.3
15698.3
15698.5
15698.8
15698.8
15698.9
15699.3
15699.4
15699.4
15700.8
15722.2
15722.8
15723
15747.2
15801.5
15801.5
15801.5
15801.7
15802
15802.1
15802.3
15859.9
15860.1
15860.1
15860.1
15860.1
15860.3
15860.3
15861
15918.3
15918.6
15920
15933.2
15933.3
15933.3
15933.4
15953.2
15953.4
15953.4
15957.8
15958
15958.2
15958.3
15959.5
16140.2
16140.3
16140.3
16141.2
16151.1
16201
16304.8
16304.8
16304.9
16304.9
16305.5
16405.1
16405.2
16406.4
16406.4
16406.8
16407
16407.1
16407.2
16474.3
16474.4
16474.5
16474.6
16474.7
16479.2
16516.4
16518.7
16518.8
16518.8
16519
16553.7
16553.8
16577.7
16606.3
16606.4
16606.5
16606.6
16606.7
16606.7
16606.7
16606.7
16606.7
16606.9
16607
16607
16607.1
16607.1
16607.2
16607.2
16608.2
16608.3
16614.5
16614.6
16647.9
16648.4
16700.7
16700.8
16700.9
16700.9
16700.9
16716
16833.7
16833.8
16834.4
16834.5
16884.2
16997.4
16997.5
16997.6
16997.6
16997.7
17062.2
17127.4
17158.4
17198.3
17291.8
17292.1
17292.3
17292.4
17305.1
17305.1
17305.5
17305.5
17306.1
17380.1
17380.1
17380.3
17380.3
17380.4
17392.8
17400.5
17400.5
17407.2
17495.8
17548.4
17583.7
17583.7
17584.4
17584.5
17584.6
17584.7
17584.7
17584.9
17592.5
17592.9
17613.8
17613.9
17614
17614
17616.4
17616.7
17625.4
17627.4
17627.5
17627.8
17627.8
17627.8
17627.9
17628
17628.2
17628.4
17628.4
17628.4
17649.9
17650.1
17673.1
17673.2
17722.7
17728.1
17728.1
17732.3
17732.6
17732.7
17732.7
17733
17773.4
17773.7
17773.8
17773.8
17773.8
17773.9
17827.9
17828
17828.2
17846.9
17895.8
17896.2
17896.4
17896.4
17896.5
17932.6
17932.8
17932.9
17933.1
18041.5
18041.6
18041.7
18041.7
18088.1
18088.3
18108.6
18108.7
18116.5
18142
18142
18258.4
18266.4
18273.4
18273.5
18273.5
18273.6
18273.7
18278.9
18279.1
18279.8
18280
18280.2
18280.3
18280.3
18280.3
18280.5
18293
18293
18293
18319.7
18319.7
18319.8
18325.6
18325.7
18450.8
18478.6
18613.3
18613.4
18637.4
18637.4
18639.7
18640
18640
18640.1
18640.2
18640.3
18640.3
18640.4
18640.5
18640.6
18640.7
18640.8
18640.8
18641.7
18641.7
18685.2
18685.3
18685.3
18745.8
18745.8
18745.9
18746.2
18746.3
18746.4
18746.5
18746.7
18746.8
18779.3
18809.8
18810
18826.3
18841.4
18873.4
18873.6
18874.5
18874.5
18874.5
18875.1
18875.6
18875.6
18875.8
18875.9
18946.1
18946.1
18946.2
18946.3
19071.7
19071.7
19078
19078
19078.2
19078.3
19111.2
19111.3
19111.4
19111.4
19111.5
19111.6
19114
19114
19114.1
19114.2
19115.1
19115.2
19239.8
19239.8
19286.7
19286.8
19286.8
19355.8
19362.2
19383.4
19383.5
19383.7
19383.7
19383.7
19408.1
19408.2
19408.3
19408.3
19408.4
19440.5
19481
19481.1
19516.6
19516.8
19517
19517.2
19517.3
19517.3
19577.2
19577.2
19577.4
19582.1
19582.1
19728.3
19728.4
19728.4
19768.4
19934.5
19951.3
19951.3
19951.3
20035.5
20035.6
20035.8
20035.8
20065
20065.2
20065.2
20070.6
20073.6
20073.8
20073.8
20073.8
20074
20074
20074.1
20075.7
20075.8
20075.8
20108.8
20108.8
20109.9
20121.1
20121.2
20121.2
20135.4
20137.3
20186.8
20196.1
20196.2
20227.9
20228
20228.1
20322.9
20383.4
20383.5
20383.7
20383.7
20383.8
20477.5
20477.6
20477.6
20477.7
20545.9
20545.9
20547.8
20559.2
20559.2
20559.3
20587.1
20587.3
20587.3
20587.4
20587.4
20587.4
20587.5
20587.9
20588
20588.1
20594.8
20595
20611.7
20612.8
20612.8
20657.3
20664.9
20747.4
20754.1
20754.3
20802.2
20802.3
20802.5
20802.6
20821.3
20821.4
20821.4
20821.5
20917
20947
21020.1
21020.2
21020.4
21020.4
21020.6
21020.7
21049.1
21049.2
21054.4
21054.4
21054.7
21090
21090.1
21101.3
21101.4
21101.4
21101.7
21101.7
21101.8
21101.9
21101.9
21103
21103.1
21131.9
21135.1
21136.1
21136.3
21205.3
21206.3
21206.4
21206.5
21206.5
21250.5
21251.3
21251.3
21251.4
21251.4
21251.5
21251.5
21251.6
21251.7
21251.7
21251.8
21251.8
21251.9
21257.2
21257.6
21263.2
21263.2
21263.3
21263.4
21263.8
21263.8
21264.8
21282.5
21282.6
21282.6
21339.9
21339.9
21340
21340.1
21340.1
21340.2
21340.3
21340.3
21340.4
21340.5
21340.6
21340.6
21340.7
21344.7
21354.2
21398.7
21403.6
21437.4
21437.5
21437.6
21437.6
21437.8
21437.9
21437.9
21437.9
21438.2
21438.4
21438.5
21438.6
21439.5
21476.6
21488.2
21488.3
21488.5
21502.9
21509.3
21583.7
21583.7
21583.9
21584
21584.1
21602.5
21602.6
21602.6
21615.7
21615.7
21616
21616
21616.1
21635.9
21643.5
21643.6
21665.1
21746.6
21776.8
21776.8
21777.2
21827
21827.1
21828.3
21839.3
21839.3
21883.1
21883.1
21883.3
21883.3
21883.3
21883.3
21921.9
22016.3
22017
22017
22017.1
22017.4
22038.4
22099.7
22099.9
22100
22100
22100
22100.1
22209.8
22243.2
22243.4
22254.9
22280.2
22280.2
22280.4
22311
22311.1
22337.9
22337.9
22338.9
22338.9
22339
22339.1
22339.3
22339.3
22339.3
22376.1
22376.2
22376.2
22377.7
22377.9
22377.9
22378
22378.1
22378.7
22378.7
22378.7
22378.8
22378.8
22384.1
22446.9
22559
22559
22559.1
22559.5
22559.6
22559.6
22560.3
22560.6
22560.8
22574
22574
22574
22653.7
22653.9
22653.9
22654.3
22654.5
22655
22655.1
22655.5
22655.5
22752.1
22792
22792.6
22792.8
22792.9
22792.9
22904.8
22905.1
22905.2
22919.6
22919.7
22919.8
22920.5
22920.5
22920.9
22921.1
22921.1
22921.1
22921.2
22921.2
22921.3
22921.4
22921.6
22921.8
22921.9
22922.1
22922.2
22922.2
22922.3
22922.3
22922.4
22922.5
22965.2
22965.2
22965.5
22965.8
22965.9
22965.9
22965.9
22966
22974.5
22974.6
22988.8
22988.9
23056.4
23098.3
23098.5
23098.6
23098.6
23098.8
23098.8
23098.9
23099.1
23232.7
23307.9
23308
23308.6
23308.7
23309.2
23309.5
23310.6
23310.7
23310.8
23402.4
23402.4
23405.8
23449
23539.9
23540
23541
23552.9
23552.9
23552.9
23597.3
23810.2
23810.4
23810.6
23810.6
23810.7
23810.9
23811
23811
23811.1
23843.3
23843.5
23843.6
23861.7
23889.5
23889.5
23889.6
23889.9
23916.2
23997.4
24006.6
24006.6
24006.7
24040.2
24040.3
24040.7
24040.8
24040.8
24074.5
24074.6
24074.6
24074.7
24075.1
24117.1
24180.9
24181.5
24181.6
24181.6
24181.7
24181.9
24243.7
24243.7
24360.8
24360.9
24360.9
24398.4
24398.5
24398.5
24398.5
24398.6
24398.7
24398.8
24446.2
24446.3
24446.3
24446.4
24621.1
24621.3
24621.5
24621.6
24621.6
24621.9
24622
24622
24622
24622.1
24623.3
24623.5
24631.7
24632.3
24632.3
24632.5
24633
24655.2
24655.4
24655.8
24655.8
24710.4
24712.9
24740.9
24743.3
24743.4
24743.4
24743.5
24743.6
24743.7
24794.9
24795.3
24795.6
24795.6
24795.6
24877
24877.1
24877.2
24877.3
24877.3
24883.7
25057.7
25065.6
25083.2
25083.4
25094.5
25094.5
25105.4
25105.4
25157.6
25175.4
25175.6
25175.6
25175.6
25192.2
25192.3
25192.3
25357.9
25358
25358.1
25358.3
25358.3
25358.3
25358.3
25358.4
25358.4
25378.2
25378.2
25378.4
25378.4
25378.5
25456.7
25456.8
25456.9
25491
25491
25491.1
25491.3
25523.7
25523.8
25523.8
25524
25524
25524
25536.5
25536.7
25585.2
25603.3
25603.6
25603.9
25603.9
25603.9
25604.7
25660.1
25660.4
25660.5
25660.7
25660.8
25660.9
25660.9
25661.2
25661.2
25661.4
25661.4
25661.4
25661.6
25663.6
25663.7
25663.8
25714.1
25774.4
25775.1
25933.9
25988.1
26027.9
26051.7
26118.6
26119
26119.1
26119.2
26119.2
26123.4
26123.5
26123.8
26126.1
26146.4
26189.2
26189.4
26189.4
26189.5
26189.7
26202.3
26202.3
26202.4
26240.2
26240.4
26240.8
26240.8
26242.1
26242.3
26298.7
26298.7
26298.8
26298.9
26348.3
26384.7
26384.7
26384.8
26384.9
26384.9
26385
26385
26385.2
26385.6
26385.7
26386.2
26416.5
26468
26468
26492.4
26492.6
26581.6
26584.3
26585
26605.9
26606
26606.4
26606.5
26634.9
26658.4
26671.9
26672.2
26694.1
26694.2
26695.4
26695.5
26695.8
26695.8
26695.9
26696
26696.1
26696.3
26696.4
26696.9
26696.9
26696.9
26696.9
26696.9
26697
26708.1
26708.3
26708.4
26708.4
26708.6
26806.3
26806.5
26806.6
26947.6
26948
26948.3
26948.3
26948.3
26948.5
26948.6
26948.7
26948.8
26948.9
26949.1
26949.1
26949.2
26949.3
26949.4
26949.5
26949.5
26986.9
26987
27186.5
27186.9
27187
27187
27187.5
27206
27229.2
27229.2
27319.4
27319.5
27353.4
27365
27365.6
27366.1
27366.1
27366.2
27366.2
27366.4
27366.5
27366.6
27366.7
27366.7
27474
27474.5
27497.5
27497.8
27497.9
27497.9
27498.1
27498.2
27518.2
27535.9
27536.1
27570.7
27570.8
27570.9
27570.9
27570.9
27582.4
27609.5
27609.6
27609.6
27646.8
27646.8
27755.7
27755.8
27755.8
27774.9
27775.3
27775.4
27775.7
27775.7
27775.9
27776.1
27811.5
27816.3
27818.4
27874.6
27874.6
27874.7
27973.9
27974
27991.4
28077.1
28077.1
28095.4
28095.5
28095.5
28095.8
28095.9
28156.3
28214.3
28252.1
28391.2
28391.6
28391.8
28392
28426.5
28426.6
28454.2
28454.2
28454.5
28454.5
28464.4
28464.4
28464.4
28494.2
28494.2
28494.2
28494.4
28494.4
28537.5
28537.6
28546.7
28641.6
28641.9
28652.6
28652.6
28652.7
28652.7
28652.7
28652.8
28653
28721.3
28721.3
28758
28758.9
28759.1
28759.1
28759.1
28924.7
28924.9
28925.1
28925.2
29065.5
29072.8
29072.8
29090.1
29119
29119.1
29119.2
29119.2
29119.3
29126
29126.1
29143.3
29143.3
29143.3
29150
29150.6
29151.7
29184.3
29184.4
29184.7
29184.8
29184.8
29185.1
29185.1
29185.2
29185.2
29185.2
29185.3
29185.3
29185.3
29185.4
29185.4
29185.9
29202.8
29202.9
29203.4
29203.4
29203.5
29203.7
29203.8
29203.9
29203.9
29239.5
29245.7
29246.1
29273.7
29367.3
29429.4
29495.3
29513.2
29549.8
29549.9
29550
29579.8
29590.5
29591.3
29591.3
29592
29592.4
29592.5
29592.5
29592.6
29592.7
29592.7
29592.7
29593.8
29594.2
29595.1
29595.2
29595.3
29595.3
29705.3
29726.9
29759.7
29759.9
29760
29760.2
29760.2
29760.3
29761
29761.1
29766.3
29772.3
29818.6
29831.3
29904
29965
29965
29967.4
29984.5
30002.2
30002.3
30002.6
30070
30076.1
30076.1
30076.2
30115.8
30127.3
30140.1
30141.9
30247.6
30247.7
30247.7
30247.7
30247.9
30248
30248.1
30248.1
30249.3
30330.3
30330.5
30330.7
30330.7
30330.8
30413.7
30414.1
30434.9
30435.1
30435.1
30457.6
30458
30458.1
30458.2
30458.5
30486.5
30486.5
30558
30558.2
30558.3
30558.5
30585.7
30585.8
30586.1
30586.2
30586.4
30586.5
30586.5
30586.6
30586.9
30586.9
30587
30587.1
30587.1
30587.2
30587.3
30587.3
30587.7
30587.8
30587.9
30588.2
30588.3
30588.4
30588.5
30588.5
30588.5
30588.7
30588.7
30588.8
30589
30589.7
30590
30604.9
30605.1
30605.2
30605.3
30648.4
30648.5
30648.6
30672.9
30673
30796.5
30796.7
30846.6
30868.2
30868.3
30885.3
30885.4
30946.6
30946.7
30946.8
30946.9
30946.9
30970.1
30970.2
30970.6
30970.6
30971.2
30971.2
30971.3
30971.3
30971.4
30971.5
30971.5
30972.1
30972.3
30972.3
31052
31052
31052.1
31052.2
31052.2
31052.5
31052.6
31052.7
31060.5
31060.6
31060.7
31060.8
31060.9
31061.1
31061.3
31061.4
31102.9
31102.9
31120
31120
31120.1
31120.1
31132
31132.2
31132.2
31132.2
31132.3
31133.7
31184.8
31185.1
31185.2
31226.2
31226.2
31226.2
31226.3
31226.3
31278.5
31278.5
31278.5
31278.5
31278.5
31278.5
31278.5
31279
31284.6
31284.6
31285.6
31285.6
31285.6
31313.6
31313.7
31313.7
31313.7
31313.8
31366.5
31370.6
31370.9
31370.9
31371
31371.2
31371.4
31371.9
31371.9
31372
31372.2
31372.4
31372.4
31449.3
31449.6
31526.8
31535.9
31536.2
31553.9
31576.7
31576.9
31577.1
31637.7
31650.6
31650.7
31650.8
31650.9
31651.3
31651.4
31651.6
31717.9
31718.2
31718.3
31718.4
31720.4
31720.7
31720.9
31720.9
31721
31721.1
31723.8
31844
31844
31912.9
31913
31913
31913.2
31913.2
31913.4
31913.5
31913.6
31913.8
31913.9
31913.9
31914.2
31914.2
31914.4
31914.6
31914.7
31914.7
31914.8
31921.7
31952.1
31952.1
31952.2
31952.3
31985.7
31985.8
31985.8
31985.9
32002.1
32002.1
32002.1
32002.2
32040.6
32040.9
32073.2
32119.9
32119.9
32150.4
32317.5
32327.8
32327.9
32444.6
32444.7
32444.7
32453.4
32482.6
32482.6
32482.8
32482.9
32483
32531.8
32531.8
32531.9
32531.9
32536
32536
32536.2
32536.2
32536.3
32679.5
32679.5
32679.6
32736.6
32737.7
32769.1
32770.3
32770.3
32770.5
32770.5
32770.7
32770.8
32770.9
32829.3
32904.9
32905.1
32905.6
32905.7
32906.1
32906.1
32906.2
32906.3
32906.3
32976.6
32985.2
32985.7
33002.7
33002.8
33046.8
33048.2
33048.3
33048.3
33048.3
33048.3
33048.3
33126.6
33126.8
33182
33182.1
33216.7
33280.7
33280.8
33280.9
33281.4
33401.2
33534.5
33534.6
33534.6
33534.7
33544
33544.5
33554.3
33636.6
33636.8
33796.8
33796.9
33818.7
33818.9
33865.9
33897
33897
33897.1
33897.2
33897.4
33941.7
33941.9
33942
33978.8
33978.9
34034.2
34034.2
34034.3
34040
34040.1
34040.2
34040.2
34040.3
34040.4
34040.5
34040.5
34049.4
34049.6
34049.7
34049.9
34102.5
34102.8
34102.9
34102.9
34103.3
34103.5
34105.3
34105.3
34106.8
34106.9
34107.1
34112.2
34225.1
34225.1
34251.2
34251.2
34251.6
34314.8
34314.9
34315
34355.1
34410.4
34410.5
34410.6
34410.6
34411.1
34411.2
34411.2
34414.6
34414.7
34414.7
34414.8
34414.8
34414.9
34415.1
34415.2
34415.3
34415.5
34415.9
34439.4
34440
34450
34450.3
34450.3
34459.9
34460
34460
34460
34460.1
34460.3
34460.3
34460.3
34460.3
34460.4
34468.9
34488.8
34488.9
34489
34489
34494.5
34494.5
34494.6
34494.8
34494.9
34549.4
34549.5
34549.7
34549.7
34730.3
34730.4
34730.4
34730.4
34730.5
34739
34828.2
34828.3
34835.2
34835.4
34852.3
34854.3
34854.3
34854.5
34854.6
34865.1
34865.1
34865.1
34932.2
34939.7
34951.7
34951.8
35033.8
35033.9
35063.9
35063.9
35064
35064.6
35064.8
35117.3
35148.7
35238.9
35238.9
35238.9
35239
35239
35239.1
35239.1
35239.1
35244
35369.1
35422.1
35422.2
35432.2
35445.2
35445.2
35445.4
35445.9
35454.6
35454.7
35454.9
35454.9
35540.9
35541
35565.8
35565.9
35612.2
35612.3
35612.6
35630.9
35630.9
35636
35636.1
35636.2
35636.3
35636.5
35656.5
35685.6
35685.7
35685.7
35685.8
35685.8
35686
35686.3
35712.4
35712.4
35712.5
35712.6
35712.7
35712.7
35749.8
35749.9
35750
35751.6
35751.7
35752
35754.5
35754.5
35802.1
35802.3
35802.5
35802.5
35844.4
35844.5
35921.8
35922.3
36066.1
36066.2
36066.3
36066.3
36066.5
36066.5
36067
36067.2
36109.5
36109.6
36109.6
36130.9
36142.2
36142.2
36168.6
36168.8
36168.9
36168.9
36169.9
36174.3
36174.5
36174.5
36174.7
36174.8
36175
36175
36175
36175.1
36175.2
36175.4
36218.1
36218.3
36228.3
36307.7
36307.7
36307.8
36308
36308.1
36308.2
36309.4
36309.5
36309.8
36311
36311.1
36311.1
36311.2
36311.2
36311.2
36311.3
36311.6
36311.7
36311.7
36311.7
36311.8
36311.8
36312
36312.2
36312.2
36312.5
36312.6
36312.6
36312.7
36312.8
36313
36313
36313.2
36313.2
36313.2
36313.2
36313.2
36313.3
36313.5
36313.8
36313.9
36319
36319
36381.5
36381.9
36420
36527.1
36532.6
36538.7
36538.9
36599.9
36602.1
36709.7
36710
36710
36815
36815.1
36815.1
36815.1
36869.7
36907.3
36907.3
36907.7
36907.7
36920.6
36920.6
36925.4
36955.1
36955.1
36966.6
36966.7
36966.8
36967
36967
36967
36967.1
36967.1
36967.1
36967.2
36967.3
36967.4
36967.6
36967.6
36967.7
36967.7
36967.7
36967.8
36967.9
36968.2
36968.4
36968.5
36968.8
36969.2
36971
36971.2
36971.4
36971.6
36971.6
37026.5
37042.3
37046.5
37046.5
37118.5
37129.6
37130
37130.1
37139.2
37139.3
37139.4
37139.6
37139.8
37140
37140
37140.1
37145
37145
37145.3
37145.3
37145.4
37145.8
37145.9
37146
37146.1
37146.2
37146.3
37159.3
37173.4
37197.8
37212.7
37212.8
37212.9
37386.2
37461
37461.3
37461.4
37461.4
37518.2
37518.3
37518.6
37518.7
37518.7
37518.8
37537.9
37538
37538
37538.1
37556.7
37557.3
37557.3
37576.3
37576.4
37585.3
37585.3
37585.4
37585.5
37586.2
37586.2
37587.1
37593.9
37603.4
37624
37624
37624
37624.1
37624.2
37624.2
37624.4
37624.5
37624.7
37624.9
37762.6
37762.7
37793.6
37793.8
37793.9
37793.9
37794.1
37794.2
37848.1
37848.1
37892.5
37892.5
37892.6
37914
37914
37914
37914.6
37914.6
37957.7
37957.8
37982.4
38033.6
38049.2
38070.8
38070.8
38070.9
38071
38071.1
38071.2
38071.2
38071.2
38071.2
38094.9
38103.2
38104.1
38104.3
38113.8
38114
38114.3
38114.4
38114.5
38125.5
38158.4
38166.1
38166.3
38166.3
38166.6
38166.6
38184.4
38184.4
38184.5
38184.6
38184.7
38184.9
38185
38185
38185
38185
38185.1
38185.3
38185.8
38241.3
38241.7
38241.7
38241.8
38241.9
38305.3
38305.3
38305.7
38305.8
38306
38306.1
38306.1
38306.2
38306.6
38318.2
38318.4
38331.2
38378
38481.4
38481.5
38481.6
38481.6
38481.9
38482
38501.6
38501.6
38501.9
38502
38502.2
38502.5
38502.6
38502.7
38549.4
38549.4
38549.4
38549.5
38549.5
38583.5
38583.5
38591.8
38591.9
38592.1
38592.1
38592.1
38592.1
38592.3
38595.2
38595.3
38613
38613.7
38678.7
38679.1
38679.2
38679.2
38681.1
38681.1
38681.2
38704.1
38704.9
38704.9
38704.9
38705.1
38705.1
38763.1
38763.1
38935.9
38950.3
39082.7
39084.6
39084.8
39084.8
39084.9
39085
39085.1
39085.1
39085.1
39118.3
39193
39193.1
39193.3
39232
39398.8
39398.9
39399
39399
39433.9
39560.4
39579.1
39624.7
39624.7
39624.7
39645
39673.8
39677.2
39705
39705.6
39705.6
39705.8
39705.8
39705.9
39706.1
39708.5
39735.3
39735.3
39735.5
39735.5
39735.5
39735.5
39735.7
39735.7
39769.1
39769.1
39769.2
39837.8
39838.5
39838.5
39838.6
39838.6
39838.6
39838.7
39838.7
39848.5
39849
39849.1
39849.2
39849.5
39849.7
39849.7
39849.8
39850.1
39850.1
39850.1
39871.4
39871.5
39871.5
39898.2
39898.2
39898.3
39898.4
39926.6
40045.2
40047.8
40273
40273.8
40273.9
40273.9
40274
40274
40274.1
40378.5
40378.9
40379
40390.8
40390.8
40512.1
40512.3
40512.4
40512.7
40512.7
40512.8
40512.9
40512.9
40512.9
40513
40565.3
40566.5
40570.8
40571.1
40625.6
40625.6
40662.1
40662.2
40662.8
40662.8
40663.1
40663.3
40663.3
40663.3
40663.8
40663.9
40663.9
40702.6
40724.3
40724.4
40724.4
40724.6
40724.9
40725.1
40783.2
40814.7
40816.4
40850.4
40850.8
40850.9
40851
40851.1
40912.6
40969.5
40969.5
40969.5
40969.5
40970.4
40976.1
40976.1
40976.2
40998.1
40998.6
41007.4
41007.6
41007.6
41007.7
41007.8
41057.4
41057.4
41057.5
41057.7
41057.8
41058.6
41174.2
41174.4
41174.5
41174.5
41178.5
41178.6
41188.5
41191.1
41191.1
41191.1
41191.2
41191.6
41195.1
41195.2
41285.6
41285.7
41285.9
41285.9
41286.2
41286.5
41286.6
41287.6
41287.7
41287.7
41299.5
41299.7
41299.8
41354.7
41354.8
41393.2
41393.4
41393.6
41393.8
41393.9
41394.1
41394.2
41440.8
41441.4
41441.6
41441.9
41474.2
41474.6
41474.6
41474.7
41475.1
41475.1
41475.1
41475.1
41475.1
41475.1
41475.1
41475.2
41475.2
41492.8
41535.7
41543.8
41544
41544.7
41545
41545.1
41545.1
41545.1
41545.3
41545.3
41545.6
41545.6
41545.6
41545.7
41545.8
41545.9
41545.9
41559.1
41559.1
41581.7
41581.7
41602.4
41622
41622
41622.2
41622.3
41622.5
41622.6
41623.9
41629.3
41629.3
41629.4
41633
41633.2
41633.5
41633.7
41633.7
41633.8
41634
41634.7
41634.9
41634.9
41664.6
41664.7
41664.8
41665
41665.1
41665.1
41665.2
41668.4
41668.7
41668.8
41668.8
41668.9
41669
41669.3
41720.3
41720.4
41720.5
41720.5
41727.5
41736.8
41758.2
41758.3
41758.3
41758.5
41758.6
41758.8
41807.7
41807.8
41807.8
41807.9
41808.1
41809.7
41809.9
41810.1
41810.2
41810.2
41828.1
41849.1
41897.2
41897.3
41924.6
41968.2
41968.2
42042.3
42042.3
42161.8
42161.9
42161.9
42162.2
42162.3
42162.3
42162.4
42162.7
42162.7
42162.7
42162.8
42162.8
42162.9
42162.9
42162.9
42163
42218.2
42218.3
42277.8
42277.9
42295.8
42295.9
42301.9
42302.2
42302.2
42302.2
42302.4
42307.6
42308
42308.1
42308.3
42308.4
42619.5
42619.6
42620.1
42620.2
42620.2
42698.6
42698.7
42699.2
42760
42760.1
42760.2
42760.3
42779.1
42779.2
42779.3
42779.4
42796.2
42810
42810.1
42826.1
42841.3
42841.3
42849.6
42849.8
42849.9
42869
42869
42869.1
42869.1
42892
42892
42894.9
42895
42895.1
42909.6
42909.7
42909.7
42910
42910.1
42910.1
42910.2
42910.4
42910.8
42910.9
42911.2
42911.2
42911.3
42937.9
42938
42966.7
42967.4
42969.3
42997.1
42997.1
43055.9
43056
43056.4
43056.6
43056.6
43056.6
43056.8
43119.7
43119.9
43119.9
43192.5
43192.7
43205.1
43214.9
43214.9
43215.2
43314.6
43314.7
43314.7
43365.8
43435.3
43435.3
43435.4
43474.2
43484.6
43484.6
43484.6
43509
43515.4
43515.4
43575.7
43598.6
43611.3
43611.4
43611.7
43663.4
43663.4
43663.5
43850.4
43851.3
43881.1
44107.9
44112.2
44117.5
44117.6
44185.1
44185.5
44237.9
44238
44335.9
44335.9
44336.1
44336.1
44336.2
44336.2
44336.5
44336.6
44336.7
44348.4
44349.2
44349.3
44349.8
44349.8
44350.5
44400.6
44443.9
44461.7
44461.8
44461.8
44461.8
44565.6
44566.5
44566.6
44566.7
44566.7
44566.8
44566.9
44567.2
44567.2
44571.1
44571.2
44571.3
44571.3
44571.3
44581.6
44581.7
44585.9
44586.1
44586.2
44586.2
44586.3
44586.5
44586.5
44586.6
44586.6
44701.1
44712.5
44725.3
44741.6
44771.5
44771.6
44771.8
44772
44772
44772
44857.5
44878.6
44878.7
44878.9
44879.1
44879.1
44879.5
44879.6
44880.4
44880.5
44894.9
44894.9
44894.9
44895.1
44895.1
44895.3
44944.4
45024.8
45025
45025.1
45025.2
45025.2
45080
45288.2
45288.3
45303.1
45306.3
45316.6
45320.9
45330.1
45330.2
45330.2
45330.3
45330.3
45330.3
45349.3
45349.4
45354.9
45355
45355
45355.1
45382.9
45382.9
45463.7
45463.8
45463.8
45483
45556.4
45597.9
45598
45598
45598.1
45659.8
45660
45660.1
45660.3
45682.8
45708
45708.1
45756.5
45757.8
45757.9
45851.4
45851.4
45851.5
45851.7
45851.7
45851.9
45852
45865.5
45884.7
45885
45885.2
45936.2
45993.3
46017
46052.4
46052.4
46052.4
46055.6
46055.7
46055.7
46055.7
46055.7
46061.2
46061.3
46061.4
46061.4
46061.8
46061.9
46062.1
46062.1
46130.2
46321.1
46321.3
46343.3
46443.8
46443.8
46444
46475.2
46475.3
46475.3
46555.2
46555.2
46635.4
46635.6
46682.2
46682.2
46682.8
46683.4
46718.2
46718.3
46718.3
46718.4
46719.6
46727.9
46762.4
46762.6
46762.6
46762.7
46762.7
46762.7
46862.8
46862.9
46863.1
46863.4
46863.5
46890.6
46890.8
46890.8
46890.9
46891
46891.3
46891.3
46891.3
46891.5
46891.7
46891.7
46891.7
46891.9
46891.9
46891.9
46892
46892.2
46892.2
46892.3
47042.2
47042.4
47042.5
47042.5
47042.6
47042.7
47042.8
47042.8
47063.6
47079.4
47112
47209.5
47221
47284.2
47284.5
47284.5
47284.5
47284.5
47284.7
47284.7
47284.7
47284.8
47284.8
47284.8
47284.9
47285
47285.2
47285.2
47285.3
47285.3
47285.4
47285.5
47311.9
47348.7
47418.4
47420.6
47456.5
47456.5
47456.6
47456.7
47456.7
47467.7
47483.1
47496.1
47498
47498
47502
47504
47504.2
47504.2
47504.6
47504.7
47504.8
47505.1
47505.1
47505.3
47646.6
47646.7
47646.7
47646.8
47646.8
47724.7
47724.8
47725.2
47725.2
47725.2
47725.2
47725.3
47725.4
47725.5
47725.6
47725.6
47725.6
47725.7
47725.7
47734
47734.4
47734.5
47734.6
47734.6
47734.6
47734.7
47734.7
47735
47735.1
47735.5
47760
47826.6
47826.9
47826.9
47827
47827.1
47827.4
47827.4
47827.5
47827.7
47827.9
47827.9
47828
47841.7
47841.7
47841.8
47841.8
47918.3
47937.4
47937.6
47967.5
47995.1
47995.3
48002.2
48009.3
48009.4
48009.4
48009.4
48009.5
48317.5
48329.6
48331.9
48374.5
48377.4
48388.8
48389
48389.2
48389.2
48389.3
48389.4
48389.5
48407.6
48505.1
48505.2
48505.2
48505.3
48506.3
48506.4
48507.1
48507.2
48507.3
48507.3
48507.5
48507.6
48507.6
48507.7
48507.8
48507.8
48557.3
48557.3
48558.5
48617.3
48620.7
48620.8
48620.9
48620.9
48621.1
48636.5
48636.5
48670.5
48708.8
48708.8
48844.7
48844.7
48844.9
48845
48845
48854.3
48854.4
48912.1
48912.1
48925.5
48925.6
48925.6
48925.7
48925.8
49005.7
49005.8
49006.1
49043.4
49044.5
49044.5
49044.5
49044.6
49073.1
49073.1
49073.3
49073.4
49073.4
49073.6
49091.7
49092
49092.1
49092.2
49092.2
49092.3
49101
49101.5
49115.7
49115.8
49115.8
49133.9
49134
49134.1
49140.9
49180.7
49185.5
49185.6
49185.6
49185.6
49185.9
49186.1
49186.5
49186.5
49186.7
49186.7
49267.4
49414.4
49414.6
49414.6
49414.8
49414.8
49414.9
49415.8
49415.9
49416
49426.3
49426.5
49489.4
49489.7
49489.9
49501.7
49501.7
49501.8
49502.8
49502.8
49503
49647.4
49647.5
49649.9
49650.3
49650.5
49650.6
49650.6
49661.1
49661.1
49661.2
49661.2
49661.3
49661.4
49767.7
49767.8
49767.9
49767.9
49775.5
49837.3
49839.4
49839.4
49844.3
49866
49887.3
49887.4
49887.4
49887.5
50000.3
50026.7
50026.9
50057.6
50057.7
50057.7
50057.7
50057.8
50057.9
50058
50058.1
50064.6
50157.6
50157.6
50157.7
50157.7
50171.6
50172.4
50172.9
50173.3
50173.5
50173.5
50173.5
50173.7
50173.7
50174.1
50174.6
50186.3
50203.4
50203.5
50269.5
50277.1
50321.4
50321.6
50321.7
50321.9
50322.8
50323.1
50323.1
50323.2
50323.3
50323.3
50323.6
50323.9
50356.4
50356.5
50356.5
50356.8
50357
50357
50357.1
50357.1
50357.2
50498.9
50499.3
50499.3
50549.5
50549.6
50549.9
50550
50550
50550
50550.1
50550.1
50550.3
50550.3
50550.5
50566.4
50707.7
50811.2
50814.4
50814.4
50815
50815.2
50815.2
50815.3
50826.9
50874.8
50874.9
50874.9
50875.2
50875.2
50875.2
50875.6
50991.6
50991.6
50992
50992.2
50992.2
50992.2
50992.4
50992.4
50992.5
51016.1
51016.2
51204.5
51256.5
51270.6
51270.7
51270.7
51336.8
51538
51538.1
51538.1
51538.5
51539
51539.1
51539.2
51540.3
51540.4
51540.5
51540.6
51540.9
51543.8
51563.4
51563.8
51591.1
51764.3
51764.5
51807.3
51823.9
51823.9
51824.1
51824.2
51825.1
51825.2
51825.3
51830.1
51830.3
51830.3
51830.4
51830.4
51840.6
51840.7
51840.8
51842.1
51881.4
51881.7
51881.8
51881.8
51881.9
51882.1
51882.4
51945.8
51998.3
52045.2
52045.2
52045.2
52045.3
52062.2
52062.3
52062.3
52062.4
52062.6
52069.1
52069.2
52146.4
52147.1
52147.2
52147.2
52175.8
52210.4
52217.4
52312.9
52313
52313
52313.3
52313.3
52322
52322.1
52349.3
52361.3
52361.3
52382.7
52382.8
52382.8
52382.9
52383
52383.1
52383.1
52383.5
52383.5
52383.6
52383.8
52383.8
52383.9
52384
52384.2
52384.2
52384.6
52384.6
52384.6
52384.8
52384.8
52384.8
52384.9
52385
52385
52385.2
52385.2
52385.2
52385.3
52385.4
52385.6
52385.7
52385.7
52385.9
52385.9
52386
52386.1
52386.1
52386.2
52386.2
52386.2
52386.2
52386.3
52386.5
52386.6
52387.3
52387.6
52387.7
52387.8
52387.8
52387.8
52388.2
52397.4
52397.4
52397.5
52415.8
52493.2
52505.8
52505.9
52516
52516.3
52516.7
52516.9
52520.2
52520.6
52520.6
52520.6
52533.2
52533.4
52539.2
52545.9
52588.3
52588.4
52600.1
52600.3
52600.5
52600.5
52613.6
52614.1
52614.1
52631.4
52677.5
52677.5
52677.6
52702.2
52702.6
52702.6
52718.9
52718.9
52765.5
52765.7
52765.7
52766
52766.2
52860.2
52922.8
52937.3
52937.8
52937.8
52937.9
53008.8
53048.2
53048.3
53048.3
53048.5
53048.6
53082
53084.4
53099.6
53099.6
53100
53100
53100.3
53112.3
53112.3
53112.4
53138.5
53181.9
53182.1
53182.1
53182.2
53182.2
53185.7
53185.8
53189.3
53189.8
53202.8
53202.9
53202.9
53203.1
53203.4
53203.6
53244.9
53265.4
53312.5
53312.5
53312.6
53337.7
53337.9
53338.1
53338.2
53373.4
53373.4
53399.4
53404.2
53414.7
53414.9
53472.3
53472.3
53472.3
53472.4
53472.5
53472.6
53513.8
53513.9
53514
53558.3
53598.4
53599.6
53599.8
53623.7
53623.8
53624.1
53624.2
53624.5
53662.9
53663
53663.1
53663.1
53663.1
53663.2
53663.3
53663.4
53663.4
53663.5
53663.6
53663.6
53663.6
53663.7
53663.8
53674.5
53674.5
53675
53675.1
53675.1
53675.1
53678.2
53678.3
53678.5
53702.1
53834.7
53834.8
53834.8
53834.8
53887.2
53887.5
53901.6
53901.6
53901.7
53901.9
53988.8
53988.9
54034.4
54035.3
54166.4
54234.3
54279.6
54279.7
54279.8
54279.9
54292.9
54293
54293
54293
54293.1
54293.1
54303
54329.6
54496.7
54519.6
54565.8
54565.9
54566.3
54566.3
54566.8
54578.6
54580.3
54691.8
54691.8
54691.9
54691.9
54692
54692.5
54692.6
54692.7
54692.8
54770.9
54771
54771
54771.1
54771.3
54809.3
54809.4
54809.4
54809.5
54809.7
54809.7
54809.7
54809.8
54809.8
54827.8
54827.9
54828
54832
54832.2
54832.5
54833.1
54833.2
54953.5
54953.8
54953.9
54953.9
54954
54954
55022.9
55036.3
55037.1
55037.6
55037.8
55056.4
55136.9
55137
55137
55140.3
55174.7
55175
55201.3
55218.4
55218.5
55218.6
55218.6
55218.8
55240.2
55240.2
55240.6
55240.7
55240.8
55240.8
55246.1
55246.2
55246.4
55246.5
55353.6
55396.8
55474.4
55511.1
55511.4
55511.4
55543.7
55543.8
55543.8
