3.64859
3.94368
4.07567
4.13999
4.47763
4.64577
4.71955
4.90333
4.96017
5.25969
5.79801
5.91324
5.96742
7.14173
8.78189
8.88351
9.4583
9.63384
9.63891
9.71245
9.71334
9.91204
9.93735
10.0735
10.3708
11.3842
11.5223
11.938
12.9277
12.933
12.9562
12.968
13.0435
13.093
13.1787
13.6296
13.8197
13.9551
14.2703
14.273
14.7444
15.0428
15.0981
15.2245
15.4238
15.5689
15.572
15.8654
16.1693
16.2769
16.5936
17.1496
17.1789
17.1974
17.209
17.2737
17.5401
17.6754
17.6785
18.4557
18.7401
18.7439
18.9826
19.0064
19.0389
19.6184
19.6346
19.6954
19.9336
20.6485
21.0968
21.8073
22.478
22.5109
22.5163
22.6607
22.7148
22.7149
22.8438
22.8593
22.8877
23.0058
23.3033
23.3103
23.3394
23.9053
24.3052
24.3078
24.7607
24.7774
24.7933
24.8632
24.9749
25.2671
26.9785
27.5231
27.5238
27.5241
27.5258
27.5645
27.9999
28.3565
28.4674
28.6236
28.8356
29.6515
30.1827
31.0289
31.0412
31.2985
31.2997
31.4837
31.7047
31.7078
31.7087
31.7385
31.7436
31.7469
31.9193
31.9243
31.9316
31.9823
31.9826
32.1372
32.1561
33.0892
33.0987
33.1296
33.6468
33.6781
33.6964
33.6967
33.8469
34.3026
34.5954
35.1825
35.356
35.3594
35.3745
35.4026
35.4878
36.4028
36.4053
36.4096
36.4568
36.792
36.7959
36.8489
37.3333
37.3547
37.3593
37.5444
37.7923
37.8005
37.8131
38.2928
38.3793
38.5776
38.7997
38.8214
38.8233
38.8823
39.0905
39.2097
39.2561
39.4412
39.455
39.5452
40.4687
40.5021
40.5118
40.6555
40.7075
40.7864
40.8665
41.0463
41.0508
41.1834
41.2135
41.2161
41.5284
41.6839
41.7535
41.7547
41.7817
42.2471
43.1028
43.5121
43.9359
43.9411
43.9485
44.396
44.6891
44.7449
44.8363
45.1653
45.1699
45.359
45.5502
45.5708
45.575
46.0124
46.0278
46.0283
46.0496
46.2229
46.2387
46.244
46.2791
46.4867
46.5632
46.8952
46.9956
46.9998
47.0049
47.0664
47.1304
47.1706
47.4847
47.6604
49.8326
50.1309
50.5457
51.4348
51.7589
51.7726
51.7788
51.7919
51.8134
51.9464
52.0793
52.1893
52.7091
52.8308
52.8552
52.8648
52.9164
53.346
53.6587
53.736
53.7816
53.8153
54.598
54.9124
54.9192
55.0482
55.1471
55.1604
55.1687
55.1958
55.3309
55.3486
55.3575
55.362
55.3775
56.2594
56.2644
56.2737
56.3347
56.5014
56.5211
56.7
57.1756
57.1848
57.2208
57.2325
57.2367
57.4846
57.5949
57.6117
57.92
57.9293
58.2121
58.218
58.2224
58.2266
58.3251
58.3412
58.3534
58.5002
58.696
58.7062
58.7202
59.4117
59.9199
60.9258
60.9457
61.0701
61.3328
61.3333
61.334
61.4052
61.5565
61.8145
61.9254
61.9494
62.0099
62.1815
62.5065
63.0558
63.0692
63.341
63.3469
63.3649
63.3749
63.3824
63.3878
63.4103
63.428
63.4364
63.4686
63.5679
63.847
63.8486
64.4198
64.594
64.8654
64.8797
64.9195
64.9889
65.1201
65.27
65.7205
66.6751
66.9605
66.9638
66.9692
66.9806
66.985
67.0371
67.0516
67.4246
67.4307
67.4323
67.8099
67.9625
67.9772
68.0708
68.4137
68.5777
68.5857
68.8639
68.8949
68.8962
69.5992
69.6002
69.617
69.6227
69.6398
69.6869
69.7883
69.8753
69.8827
69.9346
69.9442
70.0327
70.6362
70.694
70.7407
70.7807
70.7951
70.9805
71.1325
71.1476
71.575
71.5888
72.8637
72.9578
72.9927
73.9343
74.0422
74.3395
74.3463
74.7801
74.7969
74.9424
74.9511
75.501
75.6213
75.8425
75.8644
76.2601
76.2621
76.2986
76.7284
76.985
77.3089
77.3655
78.2631
78.2738
78.5854
78.6112
79.2157
79.677
79.6871
79.6972
79.7147
79.7193
79.9762
80.6633
80.6767
80.7008
80.7064
80.7111
81.0732
81.6655
82.3927
82.3948
82.4063
82.417
82.4272
82.455
83.0587
83.2996
83.306
83.6208
83.6637
83.6652
83.7465
84.106
84.1084
84.1495
84.1524
84.5836
84.6276
84.6279
85.0069
85.0096
85.0185
85.189
85.5987
85.6332
85.696
85.6969
85.7218
85.7325
85.8905
85.8992
86.014
86.0535
86.1746
86.3032
86.307
86.3275
86.3681
86.4166
86.6384
86.6614
86.6654
87.1416
87.17
87.288
87.4224
87.425
87.4301
87.4405
87.8228
87.823
87.8325
87.8351
87.8391
88.2106
88.2299
88.2448
88.4359
88.4925
88.8229
88.8283
88.8623
89.5629
89.6921
89.6931
89.7473
89.9713
90.0116
90.6339
90.742
91.56
91.6515
91.9821
91.9824
92.0202
92.0229
92.0279
92.0453
92.048
92.0561
92.4374
92.9365
92.9439
93.0054
93.0492
93.3676
93.3771
93.5708
93.6864
94.3123
94.3147
94.3189
94.4242
94.454
94.4731
94.4813
94.7006
94.7458
95.0944
95.4217
95.4741
95.4869
95.5813
95.6366
95.7044
95.8319
95.8352
95.8382
96.3894
96.7702
97.1162
97.1211
97.1311
97.1316
97.1357
97.2084
97.3142
97.8758
97.8795
97.9979
98.0539
98.1357
98.9661
99.2351
99.3265
99.3576
99.3938
99.4146
99.4205
99.4333
99.5991
99.6033
99.6047
99.6137
99.8573
99.8614
99.8766
100.167
100.256
100.652
101.091
101.138
101.923
101.926
101.936
102.206
102.458
102.515
103.619
104.113
104.116
104.118
104.118
104.188
104.264
104.545
104.576
104.597
104.889
105.064
105.649
105.835
106.488
106.497
106.504
106.548
106.571
106.944
107.789
108.175
108.585
108.603
109.393
109.399
109.491
109.492
109.586
109.595
109.606
109.614
110.28
110.301
110.459
110.464
110.488
110.522
111.011
111.512
111.55
111.995
112.365
112.37
112.373
112.731
112.768
112.943
113.057
113.162
113.186
113.723
114.121
114.225
114.646
114.896
115.156
115.156
115.16
115.219
115.224
115.248
115.433
115.73
115.945
116.033
116.034
116.933
117.105
117.439
117.507
117.818
117.841
117.868
118.045
118.244
118.314
118.332
118.356
119.369
119.374
119.374
119.585
119.797
119.817
119.959
120.038
120.268
120.621
120.765
120.772
120.854
121.878
121.879
121.886
123.28
123.285
123.405
123.598
123.605
123.607
124.292
124.325
124.334
124.358
124.52
124.538
124.558
124.57
124.832
124.872
124.884
124.888
124.999
125.4
125.426
125.621
126.848
126.863
126.965
126.983
127.16
127.191
127.35
127.469
127.535
127.547
127.72
128.105
128.118
128.245
128.381
128.402
128.405
128.411
128.434
128.655
128.766
128.81
129.193
129.447
129.809
129.833
129.859
130.037
130.038
130.996
130.996
131.163
131.277
131.283
131.431
131.839
131.861
132.076
132.332
132.365
132.399
132.995
133.025
133.263
133.267
133.281
133.555
133.632
133.686
133.833
133.838
133.85
134.1
134.23
134.233
134.258
134.405
134.413
134.544
134.949
134.973
135.062
135.189
135.319
135.525
136.464
136.502
137.231
137.626
137.626
138.227
138.437
138.782
138.887
139.555
140.01
140.012
140.026
140.097
140.098
140.108
140.398
140.415
140.723
141.034
141.046
141.06
141.075
141.092
141.248
141.275
141.994
141.996
142.004
142.01
142.088
142.169
142.668
142.689
143.177
143.256
143.462
143.47
143.981
144.771
144.777
144.78
144.856
144.949
144.962
145.135
145.151
145.152
145.218
145.23
146.243
146.41
146.416
147.635
147.869
147.903
147.932
147.977
147.983
148.239
148.371
148.373
148.419
148.441
148.442
148.723
149.58
150.605
150.624
150.726
150.735
151.907
151.941
152.076
152.092
152.11
152.355
152.459
152.505
152.7
152.84
153.382
153.385
153.39
154.095
154.26
154.387
154.445
154.448
154.849
156.222
156.363
156.386
156.415
156.509
156.51
156.791
156.81
156.823
157.027
157.033
157.777
158.434
158.859
158.895
159.11
159.234
159.497
159.661
159.873
159.933
160.105
160.188
160.219
160.222
160.237
160.252
160.282
160.912
160.938
161.021
161.117
161.136
161.197
161.704
161.723
161.731
162.139
162.144
162.406
162.409
162.825
162.834
162.838
163.359
163.397
163.425
163.437
163.547
163.56
164.639
164.642
164.758
164.773
164.782
165.501
165.817
165.82
166.297
166.301
166.312
166.314
166.331
166.383
166.44
166.748
166.753
166.785
166.842
167.08
167.956
167.967
167.993
167.993
168.055
168.655
169.285
169.76
169.906
170.65
170.69
170.73
170.732
170.743
170.748
170.751
170.804
170.93
171.2
171.404
171.404
171.44
171.446
171.763
171.888
172.117
172.125
172.697
174.967
175.298
175.59
176.117
176.233
176.235
176.236
176.591
176.734
176.818
176.942
176.966
176.973
177.007
177.157
177.306
177.601
178.813
178.884
179.781
179.873
180.516
180.547
180.658
180.677
181.097
181.325
181.393
181.628
181.636
181.65
181.664
181.742
182.085
182.217
182.691
182.74
182.748
182.776
182.884
183.329
183.331
183.361
183.613
183.62
183.899
183.9
183.907
184.773
184.95
184.967
185.855
185.926
186.088
186.262
186.368
186.537
186.543
186.886
186.94
186.947
187.022
187.051
187.106
187.25
187.603
187.612
187.616
187.653
187.689
187.704
188.061
188.095
188.096
188.419
188.419
190.979
190.995
191.029
191.091
191.114
191.689
191.711
191.832
191.836
192.261
192.488
192.497
192.501
192.64
192.649
193.19
193.623
193.887
194.298
194.58
194.965
194.978
195.031
195.173
195.18
195.395
195.596
195.654
195.859
196.048
196.752
196.753
196.778
196.897
196.899
197.31
197.632
197.985